Frequency (Hz)	Level (dB)
5.383301	-54.042377
10.766602	-54.171513
16.149902	-55.622810
21.533203	-55.953056
26.916504	-50.469292
32.299805	-54.889709
37.683105	-59.975761
43.066406	-60.482937
48.449707	-55.034744
53.833008	-62.517803
59.216309	-65.732445
64.599609	-69.369514
69.982910	-60.253742
75.366211	-59.281517
80.749512	-51.567753
86.132812	-52.261211
91.516113	-51.194706
96.899414	-33.757259
102.282715	-22.071306
107.666016	-23.077347
113.049316	-36.339790
118.432617	-47.507408
123.815918	-60.549370
129.199219	-58.452213
134.582520	-50.083897
139.965820	-49.968273
145.349121	-48.046192
150.732422	-52.904366
156.115723	-52.009251
161.499023	-46.850117
166.882324	-50.437042
172.265625	-48.829716
177.648926	-53.166355
183.032227	-43.732510
188.415527	-30.070137
193.798828	-28.715389
199.182129	-27.035126
204.565430	-24.307154
209.948730	-20.887211
215.332031	-21.017796
220.715332	-24.597054
226.098633	-24.127123
231.481934	-38.495060
236.865234	-50.726784
242.248535	-38.215427
247.631836	-28.705833
253.015137	-29.676344
258.398438	-42.229073
263.781738	-45.160034
269.165039	-50.963543
274.548340	-57.803131
279.931641	-54.803776
285.314941	-58.621624
290.698242	-48.244003
296.081543	-43.624111
301.464844	-51.869659
306.848145	-55.879238
312.231445	-48.026283
317.614746	-43.073185
322.998047	-29.980019
328.381348	-19.002680
333.764648	-21.042328
339.147949	-37.107693
344.531250	-50.478745
349.914551	-58.986706
355.297852	-63.552780
360.681152	-64.307419
366.064453	-65.168976
371.447754	-63.601788
376.831055	-65.061897
382.214355	-65.885269
387.597656	-60.133533
392.980957	-63.852093
398.364258	-57.966423
403.747559	-54.413410
409.130859	-59.497501
414.514160	-50.447853
419.897461	-42.746578
425.280762	-44.926846
430.664062	-50.818901
436.047363	-52.500732
441.430664	-58.262371
446.813965	-55.610359
452.197266	-56.679741
457.580566	-56.160686
462.963867	-56.171078
468.347168	-51.466774
473.730469	-46.375362
479.113770	-42.305115
484.497070	-42.256535
489.880371	-47.076874
495.263672	-57.845776
500.646973	-54.405041
506.030273	-61.088318
511.413574	-61.164806
516.796875	-69.022690
522.180176	-67.212616
527.563477	-68.664513
532.946777	-79.812653
538.330078	-75.104324
543.713379	-88.214203
549.096680	-62.766296
554.479980	-66.130463
559.863281	-56.122307
565.246582	-56.824402
570.629883	-62.703999
576.013184	-65.260773
581.396484	-60.197483
586.779785	-55.070290
592.163086	-53.247841
597.546387	-52.440083
602.929688	-48.303165
608.312988	-47.146435
613.696289	-50.349339
619.079590	-56.180592
624.462891	-51.050594
629.846191	-44.833675
635.229492	-44.526085
640.612793	-40.373795
645.996094	-41.531055
651.379395	-36.523827
656.762695	-23.235554
662.145996	-21.002590
667.529297	-30.864941
672.912598	-49.129425
678.295898	-55.803215
683.679199	-65.893028
689.062500	-62.214218
694.445801	-63.455845
699.829102	-65.722054
705.212402	-60.816380
710.595703	-57.161556
715.979004	-64.515350
721.362305	-59.916958
726.745605	-55.633858
732.128906	-56.886574
737.512207	-64.164627
742.895508	-63.847626
748.278809	-63.545261
753.662109	-64.615479
759.045410	-60.255421
764.428711	-56.289921
769.812012	-59.973286
775.195312	-57.797264
780.578613	-59.302616
785.961914	-57.095802
791.345215	-61.777317
796.728516	-66.545891
802.111816	-74.190865
807.495117	-74.102249
812.878418	-84.488670
818.261719	-74.351799
823.645020	-72.934799
829.028320	-61.852020
834.411621	-57.697037
839.794922	-58.071072
845.178223	-58.700104
850.561523	-58.526489
855.944824	-58.284096
861.328125	-63.440704
866.711426	-57.634003
872.094727	-52.838875
877.478027	-54.219154
882.861328	-52.719147
888.244629	-55.745766
893.627930	-71.139244
899.011230	-64.628372
904.394531	-53.327705
909.777832	-46.975853
915.161133	-47.313587
920.544434	-48.278717
925.927734	-47.916126
931.311035	-47.278652
936.694336	-46.668198
942.077637	-47.263184
947.460938	-53.308437
952.844238	-54.063480
958.227539	-51.254932
963.610840	-55.309719
968.994141	-60.426800
974.377441	-57.035347
979.760742	-40.965633
985.144043	-19.292141
990.527344	-14.975025
995.910645	-22.164198
1001.293945	-44.363903
1006.677246	-46.533913
1012.060547	-50.216904
1017.443848	-59.691345
1022.827148	-61.656303
1028.210449	-62.479652
1033.593750	-60.111511
1038.977051	-56.862476
1044.360352	-58.920486
1049.743652	-62.820683
1055.126953	-66.318550
1060.510254	-62.226433
1065.893555	-63.635445
1071.276855	-65.105095
1076.660156	-65.628769
1082.043457	-66.429756
1087.426758	-69.892265
1092.810059	-66.961372
1098.193359	-72.012657
1103.576660	-79.393692
1108.959961	-80.385658
1114.343262	-84.399193
1119.726562	-73.829987
1125.109863	-67.050545
1130.493164	-68.453888
1135.876465	-66.447792
1141.259766	-65.920914
1146.643066	-65.438652
1152.026367	-63.601383
1157.409668	-67.831360
1162.792969	-56.380131
1168.176270	-50.893139
1173.559570	-54.853256
1178.942871	-59.942200
1184.326172	-63.771503
1189.709473	-64.930794
1195.092773	-79.231339
1200.476074	-61.625885
1205.859375	-60.047676
1211.242676	-61.137722
1216.625977	-63.042210
1222.009277	-66.861191
1227.392578	-67.576683
1232.775879	-70.708099
1238.159180	-64.725899
1243.542480	-61.926800
1248.925781	-62.443607
1254.309082	-63.827629
1259.692383	-62.177734
1265.075684	-58.085739
1270.458984	-56.356628
1275.842285	-59.319763
1281.225586	-63.652809
1286.608887	-55.728939
1291.992188	-52.653141
1297.375488	-55.399895
1302.758789	-53.202168
1308.142090	-58.800720
1313.525391	-34.699844
1318.908691	-24.907743
1324.291992	-27.506863
1329.675293	-46.882053
1335.058594	-54.753136
1340.441895	-57.549862
1345.825195	-61.120857
1351.208496	-66.589729
1356.591797	-68.590347
1361.975098	-67.426292
1367.358398	-66.201141
1372.741699	-64.959312
1378.125000	-67.276222
1383.508301	-70.967346
1388.891602	-70.864555
1394.274902	-72.099594
1399.658203	-72.040588
1405.041504	-70.847397
1410.424805	-70.206367
1415.808105	-75.945236
1421.191406	-77.251511
1426.574707	-84.697144
1431.958008	-75.684059
1437.341309	-74.971786
1442.724609	-78.402519
1448.107910	-84.580353
1453.491211	-79.262779
1458.874512	-74.525642
1464.257812	-79.969269
1469.641113	-86.872040
1475.024414	-82.273232
1480.407715	-76.667725
1485.791016	-78.153618
1491.174316	-80.892197
1496.557617	-85.798447
1501.940918	-76.787766
1507.324219	-74.210182
1512.707520	-73.590790
1518.090820	-76.313263
1523.474121	-76.059471
1528.857422	-87.952179
1534.240723	-72.470078
1539.624023	-71.017616
1545.007324	-73.964516
1550.390625	-79.208389
1555.773926	-83.686264
1561.157227	-72.811852
1566.540527	-68.806007
1571.923828	-68.173035
1577.307129	-70.695892
1582.690430	-81.945343
1588.073730	-80.206490
1593.457031	-81.200447
1598.840332	-78.742821
1604.223633	-81.614029
1609.606934	-76.301064
1614.990234	-69.949379
1620.373535	-65.840149
1625.756836	-63.766407
1631.140137	-65.204277
1636.523438	-59.206909
1641.906738	-52.881485
1647.290039	-43.283169
1652.673340	-43.104694
1658.056641	-55.066845
1663.439941	-62.773529
1668.823242	-67.957016
1674.206543	-64.742325
1679.589844	-64.272858
1684.973145	-69.499939
1690.356445	-76.060265
1695.739746	-85.219833
1701.123047	-77.715508
1706.506348	-78.145302
1711.889648	-79.032051
1717.272949	-84.564568
1722.656250	-82.758385
1728.039551	-75.822662
1733.422852	-71.798538
1738.806152	-72.861885
1744.189453	-77.691360
1749.572754	-84.624168
1754.956055	-79.114746
1760.339355	-78.973808
1765.722656	-83.332848
1771.105957	-81.187424
1776.489258	-78.055527
1781.872559	-77.240730
1787.255859	-84.118820
1792.639160	-86.698097
1798.022461	-80.605019
1803.405762	-72.761024
1808.789062	-74.714256
1814.172363	-79.693710
1819.555664	-77.367043
1824.938965	-76.857887
1830.322266	-76.944786
1835.705566	-75.951447
1841.088867	-66.701584
1846.472168	-67.290123
1851.855469	-74.406525
1857.238770	-75.295288
1862.622070	-69.438606
1868.005371	-66.665733
1873.388672	-66.679543
1878.771973	-71.538567
1884.155273	-65.887337
1889.538574	-70.143608
1894.921875	-65.890709
1900.305176	-64.295494
1905.688477	-66.321571
1911.071777	-66.460480
1916.455078	-61.704178
1921.838379	-67.342613
1927.221680	-62.938934
1932.604980	-58.860252
1937.988281	-59.216179
1943.371582	-64.371841
1948.754883	-63.519398
1954.138184	-67.400345
1959.521484	-59.742142
1964.904785	-61.091343
1970.288086	-47.477959
1975.671387	-27.744394
1981.054688	-22.933313
1986.437988	-28.909451
1991.821289	-44.186474
1997.204590	-54.446606
2002.587891	-54.618279
2007.971191	-62.154877
2013.354492	-67.961914
2018.737793	-60.828365
2024.121094	-60.561447
2029.504395	-69.936691
2034.887695	-71.064125
2040.270996	-78.015251
2045.654297	-73.336990
2051.037598	-69.857986
2056.420898	-70.753189
2061.804199	-71.534683
2067.187500	-69.010551
2072.570801	-72.557518
2077.954102	-73.247749
2083.337402	-71.332855
2088.720703	-72.082558
2094.104004	-74.433311
2099.487305	-76.853401
2104.870605	-87.605560
2110.253906	-83.492485
2115.637207	-80.922546
2121.020508	-78.244247
2126.403809	-79.910866
2131.787109	-81.576797
2137.170410	-72.754601
2142.553711	-72.135429
2147.937012	-75.530243
2153.320312	-73.973480
2158.703613	-71.281944
2164.086914	-74.884644
2169.470215	-78.761345
2174.853516	-85.772766
2180.236816	-85.901810
2185.620117	-74.354324
2191.003418	-74.284050
2196.386719	-82.239502
2201.770020	-82.074272
2207.153320	-76.307144
2212.536621	-72.543304
2217.919922	-70.509834
2223.303223	-68.455536
2228.686523	-67.768593
2234.069824	-73.498848
2239.453125	-72.723473
2244.836426	-68.009422
2250.219727	-75.557106
2255.603027	-72.220200
2260.986328	-82.580742
2266.369629	-79.994781
2271.752930	-68.724930
2277.136230	-74.042206
2282.519531	-71.320557
2287.902832	-71.847847
2293.286133	-63.884701
2298.669434	-54.027241
2304.052734	-39.186562
2309.436035	-27.751865
2314.819336	-27.669500
2320.202637	-39.493977
2325.585938	-52.269661
2330.969238	-61.033035
2336.352539	-71.191521
2341.735840	-68.333786
2347.119141	-68.241737
2352.502441	-73.790558
2357.885742	-75.797157
2363.269043	-78.249947
2368.652344	-83.775635
2374.035645	-81.904297
2379.418945	-77.450279
2384.802246	-82.622040
2390.185547	-77.108246
2395.568848	-80.540794
2400.952148	-92.628395
2406.335449	-93.581810
2411.718750	-81.489319
2417.102051	-82.270363
2422.485352	-86.218353
2427.868652	-95.405060
2433.251953	-89.362526
2438.635254	-82.904533
2444.018555	-76.729263
2449.401855	-76.849571
2454.785156	-80.784836
2460.168457	-77.780823
2465.551758	-73.476456
2470.935059	-75.580620
2476.318359	-75.749023
2481.701660	-76.195732
2487.084961	-79.918701
2492.468262	-81.934074
2497.851562	-83.646782
2503.234863	-78.539291
2508.618164	-74.941391
2514.001465	-77.780556
2519.384766	-79.301064
2524.768066	-83.224976
2530.151367	-80.494110
2535.534668	-78.382271
2540.917969	-84.244217
2546.301270	-85.745483
2551.684570	-77.193687
2557.067871	-74.192192
2562.451172	-81.455833
2567.834473	-80.569160
2573.217773	-74.867256
2578.601074	-77.388863
2583.984375	-76.115379
2589.367676	-75.083916
2594.750977	-71.459358
2600.134277	-70.950455
2605.517578	-74.305267
2610.900879	-69.139122
2616.284180	-66.178009
2621.667480	-63.518581
2627.050781	-61.921158
2632.434082	-56.360592
2637.817383	-38.678448
2643.200684	-33.193779
2648.583984	-38.066818
2653.967285	-51.092747
2659.350586	-60.342548
2664.733887	-70.059448
2670.117188	-78.433525
2675.500488	-71.852577
2680.883789	-68.528084
2686.267090	-75.910362
2691.650391	-79.512779
2697.033691	-72.201324
2702.416992	-74.762459
2707.800293	-75.302826
2713.183594	-78.793701
2718.566895	-86.683182
2723.950195	-74.224289
2729.333496	-69.983276
2734.716797	-72.630760
2740.100098	-81.043320
2745.483398	-79.574829
2750.866699	-84.166397
2756.250000	-84.255859
2761.633301	-85.872116
2767.016602	-83.898163
2772.399902	-86.705856
2777.783203	-89.588341
2783.166504	-88.400803
2788.549805	-82.908501
2793.933105	-84.221909
2799.316406	-90.159203
2804.699707	-90.410767
2810.083008	-86.364914
2815.466309	-84.009285
2820.849609	-85.254059
2826.232910	-87.791153
2831.616211	-90.188446
2836.999512	-96.840729
2842.382812	-100.755348
2847.766113	-91.464737
2853.149414	-85.649963
2858.532715	-88.916580
2863.916016	-94.243317
2869.299316	-88.084770
2874.682617	-85.620728
2880.065918	-93.536888
2885.449219	-92.969803
2890.832520	-87.552956
2896.215820	-81.286430
2901.599121	-79.792725
2906.982422	-79.970390
2912.365723	-80.369186
2917.749023	-76.727608
2923.132324	-72.025146
2928.515625	-71.454346
2933.898926	-75.977432
2939.282227	-79.053200
2944.665527	-75.119232
2950.048828	-76.925911
2955.432129	-71.057426
2960.815430	-56.782646
2966.198730	-44.515884
2971.582031	-42.423016
2976.965332	-50.982201
2982.348633	-58.466423
2987.731934	-66.707253
2993.115234	-73.691551
2998.498535	-75.836685
3003.881836	-73.808319
3009.265137	-75.882294
3014.648438	-82.823532
3020.031738	-84.962311
3025.415039	-91.030975
3030.798340	-92.247299
3036.181641	-87.814270
3041.564941	-83.297272
3046.948242	-78.614716
3052.331543	-81.668419
3057.714844	-91.522491
3063.098145	-82.720627
3068.481445	-86.900993
3073.864746	-88.946526
3079.248047	-83.084389
3084.631348	-93.720032
3090.014648	-85.479095
3095.397949	-88.206322
3100.781250	-89.945107
3106.164551	-82.669952
3111.547852	-82.317535
3116.931152	-91.788544
3122.314453	-92.760147
3127.697754	-93.495285
3133.081055	-86.164719
3138.464355	-85.268623
3143.847656	-81.818542
3149.230957	-81.427841
3154.614258	-82.980957
3159.997559	-88.511452
3165.380859	-88.564590
3170.764160	-80.822617
3176.147461	-86.196823
3181.530762	-86.095367
3186.914062	-83.341827
3192.297363	-90.567429
3197.680664	-86.381027
3203.063965	-79.817421
3208.447266	-87.348557
3213.830566	-82.000168
3219.213867	-76.390587
3224.597168	-75.829826
3229.980469	-71.164368
3235.363770	-81.281212
3240.747070	-75.516846
3246.130371	-70.032600
3251.513672	-72.747536
3256.896973	-72.497826
3262.280273	-76.580444
3267.663574	-74.323669
3273.046875	-71.624184
3278.430176	-78.098457
3283.813477	-69.305222
3289.196777	-63.049858
3294.580078	-48.220085
3299.963379	-36.314396
3305.346680	-28.682461
3310.729980	-30.929712
3316.113281	-42.077946
3321.496582	-52.043190
3326.879883	-59.643406
3332.263184	-63.380627
3337.646484	-84.921165
3343.029785	-71.615479
3348.413086	-68.881676
3353.796387	-72.714149
3359.179688	-80.282997
3364.562988	-82.784012
3369.946289	-82.810249
3375.329590	-74.118530
3380.712891	-76.490685
3386.096191	-90.347794
3391.479492	-86.620308
3396.862793	-81.636696
3402.246094	-90.602264
3407.629395	-85.965782
3413.012695	-85.067856
3418.395996	-96.061096
3423.779297	-87.972878
3429.162598	-83.484169
3434.545898	-92.815308
3439.929199	-95.058357
3445.312500	-90.726013
3450.695801	-87.521553
3456.079102	-90.387146
3461.462402	-101.059807
3466.845703	-96.494392
3472.229004	-95.231949
3477.612305	-74.728432
3482.995605	-67.370102
3488.378906	-70.433113
3493.762207	-82.757912
3499.145508	-94.224327
3504.528809	-89.452896
3509.912109	-89.390106
3515.295410	-89.305443
3520.678711	-88.147789
3526.062012	-83.903763
3531.445312	-83.468567
3536.828613	-88.620270
3542.211914	-90.051353
3547.595215	-84.561035
3552.978516	-82.168716
3558.361816	-83.566933
3563.745117	-84.458542
3569.128418	-79.852669
3574.511719	-81.408012
3579.895020	-87.212059
3585.278320	-92.354904
3590.661621	-81.949936
3596.044922	-77.397934
3601.428223	-74.182610
3606.811523	-70.209373
3612.194824	-70.243942
3617.578125	-68.259163
3622.961426	-61.296387
3628.344727	-55.222511
3633.728027	-37.204609
3639.111328	-33.371929
3644.494629	-39.566757
3649.877930	-51.710682
3655.261230	-61.353786
3660.644531	-67.253677
3666.027832	-71.956062
3671.411133	-84.037109
3676.794434	-84.777519
3682.177734	-76.601570
3687.561035	-80.105965
3692.944336	-84.066971
3698.327637	-90.930771
3703.710938	-80.160484
3709.094238	-80.964241
3714.477539	-79.720871
3719.860840	-90.416397
3725.244141	-83.181313
3730.627441	-75.331161
3736.010742	-71.460976
3741.394043	-75.657127
3746.777344	-81.640694
3752.160645	-86.056931
3757.543945	-85.625450
3762.927246	-86.210716
3768.310547	-86.175056
3773.693848	-89.271027
3779.077148	-85.417313
3784.460449	-87.624802
3789.843750	-86.585373
3795.227051	-89.288216
3800.610352	-92.853989
3805.993652	-92.093613
3811.376953	-93.353317
3816.760254	-85.971344
3822.143555	-84.716827
3827.526855	-85.505516
3832.910156	-86.229210
3838.293457	-89.739105
3843.676758	-84.883476
3849.060059	-87.814026
3854.443359	-92.379005
3859.826660	-89.589073
3865.209961	-93.862747
3870.593262	-90.597733
3875.976562	-82.805412
3881.359863	-79.145699
3886.743164	-81.624046
3892.126465	-78.596375
3897.509766	-79.977203
3902.893066	-86.452446
3908.276367	-76.317474
3913.659668	-73.815140
3919.042969	-76.352455
3924.426270	-76.536545
3929.809570	-83.434837
3935.192871	-78.572632
3940.576172	-78.676247
3945.959473	-71.446159
3951.342773	-72.468414
3956.726074	-56.718494
3962.109375	-50.189568
3967.492676	-41.132698
3972.875977	-39.029770
3978.259277	-45.569157
3983.642578	-56.296051
3989.025879	-68.639946
3994.409180	-75.866623
3999.792480	-79.719864
4005.175781	-81.975990
4010.559082	-82.132973
4015.942383	-80.609840
4021.325684	-92.464264
4026.708984	-85.392845
4032.092285	-89.209213
4037.475586	-88.920311
4042.858887	-89.637344
4048.242188	-91.802231
4053.625488	-90.563377
4059.008789	-92.172119
4064.392090	-91.996506
4069.775391	-91.056282
4075.158691	-92.704010
4080.541992	-98.637512
4085.925293	-87.321442
4091.308594	-87.000946
4096.691895	-85.823456
4102.075195	-85.024673
4107.458496	-87.442459
4112.841797	-89.325203
4118.225098	-94.302994
4123.608398	-91.821968
4128.991699	-86.059013
4134.375000	-85.112473
4139.758301	-88.683678
4145.141602	-89.023315
4150.524902	-87.294395
4155.908203	-90.183983
4161.291504	-89.786484
4166.674805	-94.107239
4172.058105	-90.267105
4177.441406	-95.398468
4182.824707	-93.080566
4188.208008	-88.917526
4193.591309	-84.604111
4198.974609	-83.193077
4204.357910	-87.438675
4209.741211	-85.404266
4215.124512	-95.989693
4220.507812	-87.051506
4225.891113	-85.893562
4231.274414	-92.766922
4236.657715	-85.020699
4242.041016	-78.083862
4247.424316	-79.317123
4252.807617	-79.079445
4258.190918	-80.193100
4263.574219	-82.245155
4268.957520	-84.674561
4274.340820	-83.623596
4279.724121	-70.172241
4285.107422	-67.744438
4290.490723	-54.898167
4295.874023	-52.382084
4301.257324	-42.911682
4306.640625	-40.088062
4312.023926	-47.092972
4317.407227	-56.037880
4322.790527	-63.420403
4328.173828	-71.175072
4333.557129	-77.432671
4338.940430	-74.247314
4344.323730	-74.657326
4349.707031	-77.676506
4355.090332	-84.524696
4360.473633	-88.270584
4365.856934	-90.430733
4371.240234	-88.184959
4376.623535	-95.307014
4382.006836	-91.772636
4387.390137	-86.377556
4392.773438	-83.944923
4398.156738	-85.111053
4403.540039	-84.906609
4408.923340	-84.399078
4414.306641	-86.234085
4419.689941	-86.156517
4425.073242	-95.572998
4430.456543	-86.182236
4435.839844	-89.811104
4441.223145	-85.845192
4446.606445	-88.915977
4451.989746	-89.269432
4457.373047	-92.996643
4462.756348	-82.619934
4468.139648	-85.385147
4473.522949	-98.157402
4478.906250	-87.712578
4484.289551	-87.721703
4489.672852	-95.018677
4495.056152	-77.622124
4500.439453	-80.621086
4505.822754	-94.465302
4511.206055	-93.903076
4516.589355	-95.821693
4521.972656	-86.691681
4527.355957	-94.143761
4532.739258	-88.171341
4538.122559	-94.908127
4543.505859	-90.751564
4548.889160	-94.061783
4554.272461	-88.689903
4559.655762	-84.325005
4565.039062	-86.871353
4570.422363	-93.525055
4575.805664	-85.035316
4581.188965	-80.081917
4586.572266	-77.750694
4591.955566	-83.050919
4597.338867	-92.146301
4602.722168	-85.606499
4608.105469	-74.428230
4613.488770	-67.108459
4618.872070	-57.805729
4624.255371	-50.561001
4629.638672	-49.064903
4635.021973	-40.109219
4640.405273	-38.848896
4645.788574	-45.590973
4651.171875	-56.186367
4656.555176	-67.849930
4661.938477	-68.716148
4667.321777	-68.976875
4672.705078	-70.822807
4678.088379	-73.148880
4683.471680	-75.916748
4688.854980	-78.500648
4694.238281	-79.572319
4699.621582	-86.081169
4705.004883	-92.625198
4710.388184	-94.966614
4715.771484	-87.560715
4721.154785	-86.110710
4726.538086	-84.708397
4731.921387	-90.665855
4737.304688	-86.969711
4742.687988	-86.561996
4748.071289	-90.405960
4753.454590	-82.809868
4758.837891	-86.048141
4764.221191	-88.230133
4769.604492	-91.210861
4774.987793	-95.932793
4780.371094	-99.369629
4785.754395	-94.405273
4791.137695	-93.097481
4796.520996	-94.426765
4801.904297	-87.056732
4807.287598	-87.150627
4812.670898	-82.213638
4818.054199	-82.447350
4823.437500	-90.878761
4828.820801	-92.678596
4834.204102	-92.252594
4839.587402	-98.091583
4844.970703	-86.149246
4850.354004	-90.016273
4855.737305	-91.046341
4861.120605	-89.459328
4866.503906	-87.287231
4871.887207	-91.734184
4877.270508	-100.171165
4882.653809	-95.740471
4888.037109	-91.937721
4893.420410	-89.866356
4898.803711	-94.937874
4904.187012	-91.927879
4909.570312	-90.886406
4914.953613	-95.130020
4920.336914	-102.142487
4925.720215	-95.592239
4931.103516	-86.513664
4936.486816	-87.287277
4941.870117	-84.716751
4947.253418	-72.733894
4952.636719	-67.333427
4958.020020	-63.493690
4963.403320	-55.607235
4968.786621	-51.523159
4974.169922	-50.815918
4979.553223	-57.163868
4984.936523	-66.571129
4990.319824	-75.018112
4995.703125	-76.284653
5001.086426	-81.240173
5006.469727	-73.882111
5011.853027	-76.168579
5017.236328	-93.851120
5022.619629	-85.235023
5028.002930	-85.139893
5033.386230	-86.959991
5038.769531	-89.023125
5044.152832	-95.618027
5049.536133	-89.810730
5054.919434	-88.799408
5060.302734	-87.766075
5065.686035	-83.514061
5071.069336	-84.005531
5076.452637	-97.092651
5081.835938	-93.171539
5087.219238	-91.130096
5092.602539	-84.939926
5097.985840	-83.232018
5103.369141	-89.991478
5108.752441	-90.868835
5114.135742	-91.332092
5119.519043	-87.402992
5124.902344	-87.104988
5130.285645	-87.647484
5135.668945	-90.095718
5141.052246	-94.280830
5146.435547	-85.501892
5151.818848	-90.845901
5157.202148	-93.190186
5162.585449	-88.803886
5167.968750	-90.630013
5173.352051	-87.321129
5178.735352	-84.460213
5184.118652	-85.128563
5189.501953	-97.136795
5194.885254	-89.820778
5200.268555	-89.750641
5205.651855	-90.974678
5211.035156	-100.004471
5216.418457	-89.353966
5221.801758	-88.534378
5227.185059	-86.443817
5232.568359	-86.247147
5237.951660	-93.793121
5243.334961	-93.116356
5248.718262	-91.165565
5254.101562	-86.603844
5259.484863	-91.596489
5264.868164	-75.322006
5270.251465	-76.263847
5275.634766	-77.149261
5281.018066	-61.248486
5286.401367	-55.298927
5291.784668	-55.591957
5297.167969	-56.563023
5302.551270	-52.055122
5307.934570	-47.045513
5313.317871	-50.639404
5318.701172	-59.907978
5324.084473	-65.591576
5329.467773	-67.321716
5334.851074	-70.293877
5340.234375	-71.786507
5345.617676	-73.540909
5351.000977	-76.110542
5356.384277	-78.355293
5361.767578	-75.920959
5367.150879	-73.725449
5372.534180	-76.416573
5377.917480	-88.384361
5383.300781	-86.010384
5388.684082	-81.852242
5394.067383	-78.788933
5399.450684	-83.485130
5404.833984	-81.537117
5410.217285	-76.566757
5415.600586	-79.397919
5420.983887	-79.722290
5426.367188	-79.008148
5431.750488	-81.447701
5437.133789	-94.195572
5442.517090	-85.454941
5447.900391	-84.509750
5453.283691	-84.249672
5458.666992	-82.918594
5464.050293	-80.154228
5469.433594	-83.585510
5474.816895	-85.453804
5480.200195	-79.388832
5485.583496	-80.346352
5490.966797	-75.471779
5496.350098	-75.254333
5501.733398	-81.710365
5507.116699	-84.449303
5512.500000	-79.500229
5517.883301	-76.020119
5523.266602	-74.628464
5528.649902	-84.830612
5534.033203	-87.923492
5539.416504	-88.722687
5544.799805	-87.672966
5550.183105	-84.568642
5555.566406	-83.384850
5560.949707	-83.222130
5566.333008	-91.545341
5571.716309	-91.648109
5577.099609	-84.450104
5582.482910	-85.866470
5587.866211	-94.843262
5593.249512	-108.261070
5598.632812	-88.065239
5604.016113	-80.607109
5609.399414	-76.811104
5614.782715	-77.163940
5620.166016	-76.148643
5625.549316	-68.121918
5630.932617	-57.291748
5636.315918	-54.282986
5641.699219	-53.671249
5647.082520	-56.926441
5652.465820	-63.908524
5657.849121	-69.083061
5663.232422	-66.911598
5668.615723	-67.688286
5673.999023	-76.118851
5679.382324	-75.876846
5684.765625	-72.626587
5690.148926	-74.257370
5695.532227	-79.960655
5700.915527	-91.936798
5706.298828	-84.349503
5711.682129	-76.702805
5717.065430	-81.927505
5722.448730	-79.700211
5727.832031	-81.426994
5733.215332	-76.983322
5738.598633	-78.501488
5743.981934	-77.237350
5749.365234	-72.876015
5754.748535	-76.691612
5760.131836	-82.218842
5765.515137	-75.303154
5770.898438	-79.993713
5776.281738	-74.137970
5781.665039	-69.619164
5787.048340	-77.133102
5792.431641	-80.716850
5797.814941	-75.370514
5803.198242	-77.578438
5808.581543	-76.011101
5813.964844	-77.609520
5819.348145	-81.454758
5824.731445	-77.171577
5830.114746	-71.860687
5835.498047	-73.963486
5840.881348	-78.984734
5846.264648	-80.905807
5851.647949	-74.737770
5857.031250	-73.397804
5862.414551	-72.119865
5867.797852	-75.032234
5873.181152	-74.960320
5878.564453	-71.242577
5883.947754	-74.365227
5889.331055	-79.770813
5894.714355	-77.691315
5900.097656	-75.465981
5905.480957	-76.920128
5910.864258	-75.127121
5916.247559	-70.680199
5921.630859	-71.549072
5927.014160	-76.822472
5932.397461	-78.907440
5937.780762	-84.736336
5943.164062	-72.414986
5948.547363	-67.492401
5953.930664	-67.062553
5959.313965	-68.428528
5964.697266	-73.368439
5970.080566	-63.235706
5975.463867	-57.437847
5980.847168	-56.958858
5986.230469	-65.027206
5991.613770	-76.251732
5996.997070	-81.838684
6002.380371	-79.118011
6007.763672	-74.822411
6013.146973	-74.209183
6018.530273	-78.203796
6023.913574	-85.241158
6029.296875	-93.210854
6034.680176	-87.886002
6040.063477	-93.486168
6045.446777	-98.790276
6050.830078	-88.713936
6056.213379	-82.783974
6061.596680	-79.289139
6066.979980	-76.358284
6072.363281	-78.325844
6077.746582	-88.974976
6083.129883	-85.160255
6088.513184	-80.303711
6093.896484	-82.558594
6099.279785	-87.549438
6104.663086	-80.500465
6110.046387	-77.493477
6115.429688	-82.238983
6120.812988	-82.836365
6126.196289	-80.103760
6131.579590	-77.079575
6136.962891	-75.818123
6142.346191	-77.066048
6147.729492	-73.847824
6153.112793	-76.934288
6158.496094	-87.668114
6163.879395	-77.305740
6169.262695	-76.143707
6174.645996	-76.205162
6180.029297	-81.652039
6185.412598	-83.684799
6190.795898	-78.463585
6196.179199	-79.809669
6201.562500	-86.435883
6206.945801	-74.910461
6212.329102	-70.116051
6217.712402	-71.924011
6223.095703	-73.012947
6228.479004	-71.078522
6233.862305	-73.710709
6239.245605	-78.792084
6244.628906	-72.801437
6250.012207	-71.814178
6255.395508	-74.596695
6260.778809	-73.658302
6266.162109	-76.935165
6271.545410	-67.260834
6276.928711	-63.920425
6282.312012	-67.214317
6287.695312	-68.381973
6293.078613	-67.393013
6298.461914	-72.869476
6303.845215	-57.214870
6309.228516	-48.608833
6314.611816	-40.464642
6319.995117	-42.518021
6325.378418	-50.121296
6330.761719	-58.763329
6336.145020	-66.153023
6341.528320	-70.742531
6346.911621	-73.615082
6352.294922	-73.814247
6357.678223	-74.734650
6363.061523	-75.490379
6368.444824	-76.641113
6373.828125	-80.605835
6379.211426	-77.456818
6384.594727	-76.087074
6389.978027	-77.395996
6395.361328	-78.777336
6400.744629	-78.800140
6406.127930	-85.340385
6411.511230	-82.309425
6416.894531	-79.774689
6422.277832	-83.124542
6427.661133	-87.636574
6433.044434	-81.911842
6438.427734	-87.536697
6443.811035	-89.494179
6449.194336	-88.564499
6454.577637	-99.700836
6459.960938	-87.399574
6465.344238	-78.347610
6470.727539	-75.145416
6476.110840	-78.468964
6481.494141	-77.122620
6486.877441	-77.964546
6492.260742	-81.312210
6497.644043	-76.727417
6503.027344	-75.187027
6508.410645	-75.151176
6513.793945	-79.667976
6519.177246	-82.501823
6524.560547	-81.157791
6529.943848	-76.787758
6535.327148	-78.034744
6540.710449	-77.058777
6546.093750	-80.232277
6551.477051	-78.973640
6556.860352	-78.508896
6562.243652	-75.941132
6567.626953	-71.464775
6573.010254	-73.206902
6578.393555	-79.062355
6583.776855	-83.713531
6589.160156	-76.027344
6594.543457	-71.628036
6599.926758	-73.017143
6605.310059	-69.610123
6610.693359	-65.128227
6616.076660	-68.957344
6621.459961	-75.010620
6626.843262	-70.800697
6632.226562	-66.635727
6637.609863	-63.908562
6642.993164	-58.312840
6648.376465	-50.943104
6653.759766	-49.767178
6659.143066	-55.561348
6664.526367	-64.826126
6669.909668	-77.492752
6675.292969	-81.954102
6680.676270	-90.070404
6686.059570	-89.373528
6691.442871	-90.494545
6696.826172	-91.323730
6702.209473	-87.208000
6707.592773	-85.549026
6712.976074	-90.655327
6718.359375	-84.950188
6723.742676	-91.626892
6729.125977	-92.267654
6734.509277	-87.229301
6739.892578	-96.352051
6745.275879	-90.484688
6750.659180	-87.055344
6756.042480	-87.341873
6761.425781	-86.894310
6766.809082	-86.750160
6772.192383	-92.391823
6777.575684	-88.412132
6782.958984	-86.844521
6788.342285	-88.302055
6793.725586	-89.351082
6799.108887	-83.786949
6804.492188	-80.117035
6809.875488	-79.335175
6815.258789	-78.078499
6820.642090	-79.235657
6826.025391	-76.591530
6831.408691	-76.285797
6836.791992	-87.175331
6842.175293	-82.968193
6847.558594	-82.966011
6852.941895	-83.926765
6858.325195	-88.046036
6863.708496	-85.099930
6869.091797	-81.247368
6874.475098	-80.030968
6879.858398	-84.197220
6885.241699	-95.330681
6890.625000	-95.908936
6896.008301	-86.596764
6901.391602	-85.197533
6906.774902	-84.263702
6912.158203	-81.340637
6917.541504	-84.549492
6922.924805	-85.920082
6928.308105	-77.423714
6933.691406	-79.424850
6939.074707	-75.534691
6944.458008	-71.186867
6949.841309	-75.052597
6955.224609	-81.626534
6960.607910	-83.927956
6965.991211	-85.705215
6971.374512	-91.877930
6976.757812	-77.257019
6982.141113	-71.481461
6987.524414	-60.762634
6992.907715	-59.360783
6998.291016	-63.550293
7003.674316	-68.020203
7009.057617	-72.212570
7014.440918	-74.747673
7019.824219	-75.444855
7025.207520	-77.219009
7030.590820	-77.000725
7035.974121	-80.500603
7041.357422	-82.368469
7046.740723	-79.749825
7052.124023	-79.841881
7057.507324	-84.189705
7062.890625	-85.882179
7068.273926	-90.763725
7073.657227	-85.785683
7079.040527	-86.077606
7084.423828	-93.612450
7089.807129	-88.866913
7095.190430	-86.865753
7100.573730	-95.254807
7105.957031	-104.455460
7111.340332	-92.444344
7116.723633	-84.023781
7122.106934	-85.153030
7127.490234	-88.659500
7132.873535	-107.043129
7138.256836	-89.117210
7143.640137	-87.480003
7149.023438	-86.948265
7154.406738	-86.212952
7159.790039	-94.815125
7165.173340	-86.403305
7170.556641	-86.618851
7175.939941	-88.719139
7181.323242	-82.893944
7186.706543	-82.315430
7192.089844	-79.051468
7197.473145	-79.361229
7202.856445	-83.927452
7208.239746	-88.811302
7213.623047	-83.384026
7219.006348	-82.800110
7224.389648	-81.676834
7229.772949	-88.568695
7235.156250	-82.190384
7240.539551	-82.147156
7245.922852	-83.191254
7251.306152	-80.409065
7256.689453	-80.506081
7262.072754	-83.125320
7267.456055	-78.061073
7272.839355	-71.999649
7278.222656	-69.147781
7283.605957	-70.449364
7288.989258	-71.177818
7294.372559	-72.478767
7299.755859	-72.230438
7305.139160	-73.306221
7310.522461	-80.255867
7315.905762	-67.267868
7321.289062	-62.257652
7326.672363	-51.364040
7332.055664	-47.893639
7337.438965	-51.476295
7342.822266	-57.745907
7348.205566	-64.670456
7353.588867	-69.786423
7358.972168	-74.264748
7364.355469	-81.278847
7369.738770	-85.266037
7375.122070	-90.565498
7380.505371	-88.694214
7385.888672	-89.954338
7391.271973	-97.281456
7396.655273	-97.771118
7402.038574	-94.686615
7407.421875	-96.247665
7412.805176	-95.565636
7418.188477	-93.449860
7423.571777	-90.647240
7428.955078	-88.480843
7434.338379	-91.353424
7439.721680	-96.781395
7445.104980	-99.430367
7450.488281	-90.112038
7455.871582	-89.269379
7461.254883	-91.954521
7466.638184	-87.314674
7472.021484	-83.540573
7477.404785	-83.799904
7482.788086	-85.571701
7488.171387	-91.455414
7493.554688	-91.269417
7498.937988	-90.449318
7504.321289	-97.188354
7509.704590	-89.127838
7515.087891	-87.287766
7520.471191	-85.986969
7525.854492	-89.574066
7531.237793	-95.268219
7536.621094	-111.370857
7542.004395	-91.094574
7547.387695	-89.649727
7552.770996	-89.886856
7558.154297	-89.637177
7563.537598	-88.237267
7568.920898	-86.709763
7574.304199	-88.852226
7579.687500	-83.074478
7585.070801	-79.573799
7590.454102	-79.269348
7595.837402	-76.349487
7601.220703	-70.290794
7606.604004	-68.100487
7611.987305	-69.052826
7617.370605	-73.162582
7622.753906	-77.525215
7628.137207	-81.215744
7633.520508	-94.553123
7638.903809	-83.557945
7644.287109	-78.253181
7649.670410	-80.023216
7655.053711	-82.009956
7660.437012	-73.433762
7665.820312	-66.715164
7671.203613	-66.510902
7676.586914	-74.363281
7681.970215	-94.837189
7687.353516	-80.556984
7692.736816	-84.745941
7698.120117	-89.907921
7703.503418	-90.884720
7708.886719	-90.924004
7714.270020	-89.405327
7719.653320	-90.801384
7725.036621	-101.250343
7730.419922	-96.459846
7735.803223	-92.139984
7741.186523	-89.290565
7746.569824	-89.873550
7751.953125	-101.357788
7757.336426	-95.010941
7762.719727	-89.880951
7768.103027	-92.842484
7773.486328	-88.379044
7778.869629	-91.240707
7784.252930	-87.984322
7789.636230	-91.928207
7795.019531	-92.918465
7800.402832	-89.151970
7805.786133	-92.135689
7811.169434	-94.869781
7816.552734	-100.062469
7821.936035	-94.941780
7827.319336	-104.850815
7832.702637	-100.879486
7838.085938	-93.813477
7843.469238	-97.392914
7848.852539	-96.987045
7854.235840	-94.173782
7859.619141	-104.049622
7865.002441	-94.322189
7870.385742	-97.986343
7875.769043	-96.000755
7881.152344	-93.269890
7886.535645	-97.079361
7891.918945	-87.414429
7897.302246	-84.428963
7902.685547	-86.879471
7908.068848	-95.615288
7913.452148	-85.830200
7918.835449	-84.879738
7924.218750	-88.262291
7929.602051	-76.651779
7934.985352	-74.406219
7940.368652	-72.958015
7945.751953	-72.088997
7951.135254	-75.666405
7956.518555	-82.700310
7961.901855	-85.683212
7967.285156	-83.064362
7972.668457	-82.130081
7978.051758	-87.834831
7983.435059	-76.927177
7988.818359	-80.421074
7994.201660	-77.314697
7999.584961	-71.330750
8004.968262	-63.225773
8010.351562	-57.372055
8015.734863	-58.748962
8021.118164	-64.977074
8026.501465	-72.809601
8031.884766	-71.236092
8037.268066	-71.691223
8042.651367	-73.884972
8048.034668	-75.045067
8053.417969	-79.422592
8058.801270	-79.227066
8064.184570	-78.026321
8069.567871	-80.208145
8074.951172	-82.622681
8080.334473	-87.011414
8085.717773	-85.986610
8091.101074	-89.760651
8096.484375	-89.642090
8101.867676	-88.372093
8107.250977	-86.640564
8112.634277	-93.363823
8118.017578	-91.690163
8123.400879	-86.117249
8128.784180	-85.079803
8134.167480	-85.207558
8139.550781	-83.792717
8144.934082	-83.903816
8150.317383	-86.712860
8155.700684	-87.648621
8161.083984	-85.522163
8166.467285	-85.613029
8171.850586	-91.837479
8177.233887	-93.067490
8182.617188	-90.524376
8188.000488	-97.045052
8193.383789	-96.062256
8198.767090	-94.002853
8204.150391	-94.875565
8209.533691	-90.165405
8214.916992	-98.537941
8220.300293	-97.333435
8225.683594	-92.671921
8231.066895	-97.167030
8236.450195	-91.231697
8241.833496	-83.535034
8247.216797	-79.956490
8252.600098	-86.449638
8257.983398	-79.313393
8263.366699	-71.977470
8268.750000	-71.046974
8274.133301	-70.342422
8279.516602	-69.829063
8284.899902	-72.361580
8290.283203	-78.475883
8295.666504	-76.390129
8301.049805	-77.267647
8306.433105	-90.521339
8311.816406	-76.254738
8317.199707	-75.381630
8322.583008	-80.318977
8327.966309	-70.847870
8333.349609	-72.694954
8338.732910	-73.440636
8344.116211	-64.805412
8349.499512	-53.762295
8354.882812	-50.292816
8360.266113	-52.283802
8365.649414	-57.272720
8371.032715	-63.506535
8376.416016	-66.589813
8381.799316	-68.241913
8387.182617	-70.072922
8392.565918	-72.466995
8397.949219	-74.067772
8403.332520	-78.161430
8408.715820	-83.765587
8414.099121	-86.564240
8419.482422	-90.511719
8424.865723	-94.377769
8430.249023	-91.316681
8435.632324	-91.703621
8441.015625	-95.951973
8446.398926	-92.921478
8451.782227	-91.382019
8457.165527	-89.795982
8462.548828	-89.943581
8467.932129	-91.849304
8473.315430	-98.479469
8478.698730	-93.128807
8484.082031	-94.229912
8489.465332	-95.418892
8494.848633	-107.936813
8500.231934	-93.268814
8505.615234	-87.962349
8510.998535	-85.641258
8516.381836	-84.377159
8521.765137	-90.846298
8527.148438	-102.171097
8532.531738	-95.700874
8537.915039	-90.905792
8543.298340	-92.140755
8548.681641	-90.398994
8554.064941	-92.204071
8559.448242	-103.359543
8564.831543	-102.341888
8570.214844	-85.668686
8575.598145	-81.917221
8580.981445	-84.783829
8586.364746	-94.876259
8591.748047	-84.799339
8597.131348	-83.768181
8602.514648	-92.825890
8607.897949	-85.546463
8613.281250	-86.592125
8618.664551	-85.328529
8624.047852	-98.471489
8629.431152	-82.276390
8634.814453	-84.104347
8640.197754	-92.238213
8645.581055	-88.119957
8650.964355	-83.305229
8656.347656	-87.393097
8661.730957	-85.011681
8667.114258	-78.544136
8672.497559	-75.552444
8677.880859	-68.415688
8683.264160	-65.653282
8688.647461	-67.625160
8694.030762	-69.712570
8699.414062	-68.592796
8704.797363	-69.217941
8710.180664	-72.980743
8715.563965	-73.034271
8720.947266	-77.908875
8726.330566	-83.056061
8731.713867	-77.669624
8737.097168	-81.154488
8742.480469	-88.584351
8747.863770	-87.714264
8753.247070	-87.307648
8758.630371	-94.726570
8764.013672	-100.583115
8769.396973	-104.688560
8774.780273	-101.994637
8780.163574	-96.672371
8785.546875	-95.104141
8790.930176	-92.240791
8796.313477	-94.753563
8801.696777	-96.407097
8807.080078	-94.592247
8812.463379	-96.761780
8817.846680	-93.464920
8823.229980	-91.747742
8828.613281	-92.642517
8833.996582	-92.857597
8839.379883	-97.473022
8844.763184	-90.807144
8850.146484	-87.440468
8855.529785	-95.804192
8860.913086	-97.197983
8866.296387	-89.209320
8871.679688	-91.117203
8877.062988	-98.644852
8882.446289	-95.696304
8887.829590	-93.919434
8893.212891	-92.780052
8898.596191	-96.966644
8903.979492	-80.393745
8909.362793	-78.711349
8914.746094	-91.742119
8920.129395	-85.507973
8925.512695	-80.932190
8930.895996	-80.558037
8936.279297	-83.298874
8941.662598	-83.857292
8947.045898	-92.411423
8952.429199	-95.630829
8957.812500	-89.213104
8963.195801	-85.946281
8968.579102	-87.489471
8973.962402	-92.456314
8979.345703	-103.306671
8984.729004	-93.570122
8990.112305	-92.886131
8995.495605	-94.020363
9000.878906	-87.916405
9006.262207	-86.758453
9011.645508	-81.875732
9017.028809	-78.973450
9022.412109	-82.866295
9027.795410	-85.080833
9033.178711	-74.601372
9038.562012	-68.006622
9043.945312	-62.883827
9049.328613	-62.728592
9054.711914	-65.356834
9060.095215	-68.664337
9065.478516	-73.757347
9070.861816	-79.714035
9076.245117	-79.026619
9081.628418	-78.603386
9087.011719	-81.797401
9092.395020	-88.230080
9097.778320	-88.140907
9103.161621	-84.371765
9108.544922	-84.625191
9113.928223	-85.104622
9119.311523	-92.715981
9124.694824	-91.317917
9130.078125	-89.717445
9135.461426	-96.115273
9140.844727	-88.522644
9146.228027	-89.256905
9151.611328	-97.267052
9156.994629	-100.382149
9162.377930	-98.817757
9167.761230	-94.200447
9173.144531	-90.252716
9178.527832	-93.702705
9183.911133	-97.872955
9189.294434	-94.416740
9194.677734	-98.428276
9200.061035	-91.730240
9205.444336	-92.934662
9210.827637	-95.027252
9216.210938	-90.810410
9221.594238	-87.015198
9226.977539	-85.475197
9232.360840	-87.297356
9237.744141	-80.538689
9243.127441	-80.962692
9248.510742	-84.231003
9253.894043	-79.858765
9259.277344	-78.129120
9264.660645	-77.348328
9270.043945	-79.228455
9275.427246	-82.358467
9280.810547	-92.955879
9286.193848	-88.761490
9291.577148	-85.718758
9296.960449	-86.191643
9302.343750	-87.175354
9307.727051	-87.213493
9313.110352	-95.344780
9318.493652	-90.136536
9323.876953	-89.345215
9329.260254	-94.548050
9334.643555	-98.099159
9340.026855	-93.014503
9345.410156	-85.590477
9350.793457	-82.016579
9356.176758	-81.878532
9361.560059	-76.442619
9366.943359	-72.022865
9372.326660	-75.216698
9377.709961	-77.976982
9383.093262	-72.879143
9388.476562	-64.486206
9393.859863	-61.894123
9399.243164	-63.223564
9404.626465	-67.217842
9410.009766	-73.414062
9415.393066	-78.229736
9420.776367	-77.071915
9426.159668	-79.049255
9431.542969	-81.446999
9436.926270	-80.708565
9442.309570	-80.998909
9447.692871	-84.190163
9453.076172	-89.087883
9458.459473	-91.380974
9463.842773	-91.691437
9469.226074	-91.184807
9474.609375	-91.364937
9479.992676	-89.039024
9485.375977	-91.972717
9490.759277	-95.060951
9496.142578	-97.183411
9501.525879	-94.460411
9506.909180	-98.701828
9512.292480	-95.324539
9517.675781	-93.927116
9523.059082	-91.251816
9528.442383	-95.464836
9533.825684	-104.147476
9539.208984	-93.159500
9544.592285	-94.021187
9549.975586	-91.485558
9555.358887	-97.168816
9560.742188	-93.096016
9566.125488	-84.348152
9571.508789	-84.302406
9576.892090	-87.824371
9582.275391	-84.433182
9587.658691	-82.179207
9593.041992	-84.421745
9598.425293	-85.205795
9603.808594	-84.323570
9609.191895	-86.242264
9614.575195	-92.985535
9619.958496	-88.861572
9625.341797	-85.130798
9630.725098	-87.052689
9636.108398	-90.984764
9641.491699	-93.961418
9646.875000	-95.242378
9652.258301	-91.142784
9657.641602	-96.995461
9663.024902	-91.598076
9668.408203	-90.301147
9673.791504	-91.989159
9679.174805	-94.638359
9684.558105	-96.144791
9689.941406	-100.185684
9695.324707	-93.154015
9700.708008	-90.428322
9706.091309	-90.471474
9711.474609	-88.654823
9716.857910	-77.302017
9722.241211	-73.873360
9727.624512	-75.992386
9733.007812	-64.300064
9738.391113	-63.534927
9743.774414	-66.006363
9749.157715	-70.249786
9754.541016	-74.779236
9759.924316	-79.266655
9765.307617	-86.173164
9770.690918	-90.491890
9776.074219	-92.902527
9781.457520	-88.533112
9786.840820	-91.231888
9792.224121	-92.819061
9797.607422	-95.646683
9802.990723	-100.900200
9808.374023	-94.589119
9813.757324	-96.583786
9819.140625	-103.376335
9824.523926	-98.368546
9829.907227	-99.710983
9835.290527	-98.148941
9840.673828	-90.584793
9846.057129	-88.694290
9851.440430	-87.918312
9856.823730	-87.836143
9862.207031	-88.661644
9867.590332	-88.002914
9872.973633	-90.962791
9878.356934	-92.364914
9883.740234	-96.160622
9889.123535	-106.687538
9894.506836	-96.487221
9899.890137	-88.638115
9905.273438	-89.758339
9910.656738	-90.848862
9916.040039	-87.654732
9921.423340	-88.991211
9926.806641	-92.322319
9932.189941	-91.007675
9937.573242	-90.402168
9942.956543	-91.033218
9948.339844	-89.614204
9953.723145	-85.135727
9959.106445	-86.097603
9964.489746	-90.522148
9969.873047	-95.257591
9975.256348	-98.513855
9980.639648	-101.309937
9986.022949	-97.903549
9991.406250	-92.729439
9996.789551	-97.375687
10002.172852	-94.126389
10007.556152	-90.520676
10012.939453	-86.191162
10018.322754	-91.199059
10023.706055	-95.355049
10029.089355	-88.056793
10034.472656	-85.027802
10039.855957	-82.720184
10045.239258	-90.097939
10050.622559	-86.277481
10056.005859	-85.733986
10061.389160	-87.757843
10066.772461	-80.235016
10072.155762	-82.147392
10077.539062	-63.956249
10082.922363	-60.670013
10088.305664	-62.576614
10093.688965	-66.170807
10099.072266	-69.221466
10104.455566	-73.459961
10109.838867	-78.069717
10115.222168	-78.633408
10120.605469	-78.300880
10125.988770	-84.754311
10131.372070	-87.487343
10136.755371	-87.364876
10142.138672	-86.148056
10147.521973	-85.981659
10152.905273	-86.569504
10158.288574	-88.778549
10163.671875	-89.997269
10169.055176	-94.772530
10174.438477	-100.055046
10179.821777	-101.943588
10185.205078	-107.919632
10190.588379	-94.296288
10195.971680	-91.787811
10201.354980	-86.485893
10206.738281	-83.402435
10212.121582	-83.948616
10217.504883	-86.253555
10222.888184	-89.889732
10228.271484	-82.560753
10233.654785	-81.870872
10239.038086	-84.842232
10244.421387	-83.842445
10249.804688	-80.958321
10255.187988	-81.235252
10260.571289	-82.390633
10265.954590	-83.596786
10271.337891	-86.394760
10276.721191	-95.317207
10282.104492	-86.157028
10287.487793	-82.803703
10292.871094	-85.064117
10298.254395	-87.664055
10303.637695	-91.245308
10309.020996	-106.037369
10314.404297	-91.495872
10319.787598	-89.591240
10325.170898	-86.415161
10330.554199	-87.148788
10335.937500	-86.388664
10341.320801	-82.520958
10346.704102	-82.135422
10352.087402	-83.191277
10357.470703	-83.210938
10362.854004	-82.641479
10368.237305	-81.557159
10373.620605	-81.316986
10379.003906	-80.123192
10384.387207	-82.400322
10389.770508	-82.049782
10395.153809	-82.127388
10400.537109	-81.380608
10405.920410	-75.205353
10411.303711	-75.485382
10416.687012	-74.222244
10422.070312	-66.705978
10427.453613	-56.796013
10432.836914	-54.489738
10438.220215	-56.125835
10443.603516	-59.663540
10448.986816	-63.444256
10454.370117	-67.196205
10459.753418	-70.306145
10465.136719	-72.202339
10470.520020	-73.874123
10475.903320	-74.677666
10481.286621	-76.548752
10486.669922	-75.171272
10492.053223	-75.143082
10497.436523	-77.630997
10502.819824	-82.152473
10508.203125	-90.879288
10513.586426	-91.556351
10518.969727	-102.958862
10524.353027	-105.642342
10529.736328	-95.969925
10535.119629	-93.467278
10540.502930	-89.618744
10545.886230	-91.620712
10551.269531	-88.278763
10556.652832	-92.298241
10562.036133	-80.364548
10567.419434	-84.744514
10572.802734	-81.460556
10578.186035	-78.761932
10583.569336	-79.368713
10588.952637	-80.807709
10594.335938	-81.785095
10599.719238	-87.374527
10605.102539	-95.090416
10610.485840	-89.927170
10615.869141	-87.187965
10621.252441	-85.930855
10626.635742	-85.174149
10632.019043	-92.275528
10637.402344	-100.671547
10642.785645	-98.177109
10648.168945	-96.027809
10653.552246	-99.611511
10658.935547	-92.507362
10664.318848	-91.338905
10669.702148	-83.984947
10675.085449	-90.060661
10680.468750	-91.431107
10685.852051	-85.975754
10691.235352	-87.602280
10696.618652	-87.085732
10702.001953	-89.255707
10707.385254	-86.089493
10712.768555	-83.346527
10718.151855	-84.895943
10723.535156	-84.270668
10728.918457	-84.160202
10734.301758	-83.569580
10739.685059	-80.799072
10745.068359	-82.021729
10750.451660	-89.414665
10755.834961	-82.149033
10761.218262	-81.511627
10766.601562	-86.357674
10771.984863	-64.503700
10777.368164	-58.118942
10782.751465	-57.218704
10788.134766	-59.251534
10793.518066	-62.404427
10798.901367	-66.191994
10804.284668	-68.694672
10809.667969	-71.023315
10815.051270	-73.665916
10820.434570	-73.620461
10825.817871	-73.587433
10831.201172	-77.457863
10836.584473	-82.181999
10841.967773	-86.348061
10847.351074	-89.355186
10852.734375	-94.687431
10858.117676	-94.858467
10863.500977	-95.732468
10868.884277	-92.668907
10874.267578	-101.672577
10879.650879	-86.149040
10885.034180	-85.892372
10890.417480	-80.334091
10895.800781	-79.947159
10901.184082	-80.264870
10906.567383	-76.233871
10911.950684	-76.257965
10917.333984	-80.923676
10922.717285	-84.906654
10928.100586	-89.878922
10933.483887	-88.417015
10938.867188	-89.155701
10944.250488	-90.821640
10949.633789	-86.162834
10955.017090	-86.512520
10960.400391	-87.502647
10965.783691	-97.870934
10971.166992	-91.606911
10976.550293	-89.027077
10981.933594	-90.513672
10987.316895	-92.936028
10992.700195	-95.635437
10998.083496	-94.223228
11003.466797	-91.583427
11008.850098	-89.927422
11014.233398	-91.899590
11019.616699	-91.860710
11025.000000	-98.984451
11030.383301	-92.012642
11035.766602	-90.589005
11041.149902	-87.850395
11046.533203	-89.603310
11051.916504	-89.405502
11057.299805	-95.596230
11062.683105	-97.017380
11068.066406	-95.007751
11073.449707	-87.573402
11078.833008	-86.085777
11084.216309	-88.222015
11089.599609	-88.379639
11094.982910	-89.505554
11100.366211	-105.344429
11105.749512	-89.765381
11111.132812	-87.092171
11116.516113	-82.480850
11121.899414	-78.277596
11127.282715	-67.064201
11132.666016	-64.633591
11138.049316	-66.432938
11143.432617	-69.283051
11148.815918	-71.480522
11154.199219	-72.921921
11159.582520	-74.777420
11164.965820	-78.863892
11170.349121	-81.611641
11175.732422	-81.107346
11181.115723	-80.276672
11186.499023	-82.218773
11191.882324	-89.965012
11197.265625	-91.934059
11202.648926	-91.867043
11208.032227	-95.051643
11213.415527	-97.068954
11218.798828	-89.161690
11224.182129	-84.369286
11229.565430	-86.959061
11234.948730	-88.932495
11240.332031	-81.198929
11245.715332	-80.159019
11251.098633	-82.010666
11256.481934	-88.050446
11261.865234	-98.199196
11267.248535	-91.331985
11272.631836	-95.381401
11278.015137	-86.547707
11283.398438	-86.644333
11288.781738	-91.317986
11294.165039	-90.711639
11299.548340	-95.712166
11304.931641	-100.161079
11310.314941	-88.940392
11315.698242	-89.097115
11321.081543	-90.575050
11326.464844	-95.617752
11331.848145	-89.705811
11337.231445	-86.887276
11342.614746	-93.022278
11347.998047	-92.720772
11353.381348	-90.965462
11358.764648	-91.080002
11364.147949	-89.174797
11369.531250	-94.876366
11374.914551	-104.631050
11380.297852	-91.544075
11385.681152	-97.983665
11391.064453	-96.102165
11396.447754	-88.270935
11401.831055	-88.375519
11407.214355	-91.530396
11412.597656	-96.249092
11417.980957	-94.362007
11423.364258	-91.407280
11428.747559	-88.716202
11434.130859	-91.307381
11439.514160	-91.765739
11444.897461	-90.838699
11450.280762	-86.556709
11455.664062	-81.304749
11461.047363	-83.180031
11466.430664	-86.313255
11471.813965	-98.920174
11477.197266	-74.925911
11482.580566	-70.678513
11487.963867	-71.887009
11493.347168	-72.712357
11498.730469	-75.024437
11504.113770	-78.367111
11509.497070	-79.508499
11514.880371	-82.210732
11520.263672	-78.995857
11525.646973	-79.714127
11531.030273	-81.629189
11536.413574	-81.235939
11541.796875	-79.413971
11547.180176	-82.801147
11552.563477	-82.934860
11557.946777	-86.595520
11563.330078	-87.079407
11568.713379	-89.773834
11574.096680	-82.545090
11579.479980	-79.821045
11584.863281	-79.086052
11590.246582	-79.923889
11595.629883	-83.418053
11601.013184	-81.866417
11606.396484	-81.832314
11611.779785	-84.402237
11617.163086	-83.652473
11622.546387	-84.648743
11627.929688	-81.019295
11633.312988	-81.273819
11638.696289	-80.712807
11644.079590	-81.340256
11649.462891	-82.129578
11654.846191	-83.220886
11660.229492	-83.125465
11665.612793	-85.442047
11670.996094	-85.149414
11676.379395	-86.764671
11681.762695	-85.713959
11687.145996	-83.978401
11692.529297	-85.750931
11697.912598	-87.350929
11703.295898	-90.400574
11708.679199	-90.944374
11714.062500	-85.282310
11719.445801	-85.481705
11724.829102	-89.754623
11730.212402	-91.859787
11735.595703	-88.276237
11740.979004	-87.352669
11746.362305	-96.293968
11751.745605	-93.743996
11757.128906	-87.542374
11762.512207	-89.692070
11767.895508	-92.886276
11773.278809	-92.347137
11778.662109	-94.558998
11784.045410	-95.540764
11789.428711	-100.787277
11794.812012	-91.309036
11800.195312	-91.525101
11805.578613	-101.036461
11810.961914	-88.753456
11816.345215	-82.460426
11821.728516	-83.049103
11827.111816	-78.966949
11832.495117	-74.635147
11837.878418	-74.175331
11843.261719	-75.126854
11848.645020	-75.603752
11854.028320	-76.667397
11859.411621	-77.882568
11864.794922	-77.881699
11870.178223	-79.052353
11875.561523	-82.439552
11880.944824	-82.117157
11886.328125	-83.107666
11891.711426	-81.026749
11897.094727	-87.113426
11902.478027	-84.977303
11907.861328	-82.682693
11913.244629	-81.304733
11918.627930	-82.005722
11924.011230	-85.982826
11929.394531	-86.453835
11934.777832	-85.317329
11940.161133	-92.676521
11945.544434	-85.278046
11950.927734	-80.680374
11956.311035	-81.582214
11961.694336	-80.397247
11967.077637	-78.671127
11972.460938	-79.571556
11977.844238	-81.383606
11983.227539	-84.523804
11988.610840	-83.726425
11993.994141	-82.786560
11999.377441	-83.748474
12004.760742	-84.884628
12010.144043	-92.217598
12015.527344	-96.485199
12020.910645	-104.391914
12026.293945	-95.798691
12031.677246	-88.538177
12037.060547	-89.921310
12042.443848	-91.570961
12047.827148	-90.389191
12053.210449	-89.634781
12058.593750	-89.765274
12063.977051	-90.295021
12069.360352	-92.733566
12074.743652	-90.792717
12080.126953	-91.295448
12085.510254	-87.522820
12090.893555	-90.513458
12096.276855	-94.850128
12101.660156	-89.684944
12107.043457	-86.945419
12112.426758	-88.054779
12117.810059	-88.191216
12123.193359	-87.465530
12128.576660	-86.624641
12133.959961	-85.102821
12139.343262	-85.760880
12144.726562	-98.172752
12150.109863	-89.873116
12155.493164	-84.903984
12160.876465	-81.637772
12166.259766	-80.651451
12171.643066	-82.831062
12177.026367	-91.794861
12182.409668	-73.699799
12187.792969	-70.584442
12193.176270	-72.585625
12198.559570	-77.118149
12203.942871	-79.812004
12209.326172	-82.021873
12214.709473	-83.344963
12220.092773	-86.061928
12225.476074	-97.137985
12230.859375	-107.506699
12236.242676	-102.908882
12241.625977	-94.719185
12247.009277	-95.394638
12252.392578	-93.251579
12257.775879	-96.440804
12263.159180	-103.387016
12268.542480	-92.263969
12273.925781	-91.772789
12279.309082	-92.031227
12284.692383	-91.165871
12290.075684	-93.058075
12295.458984	-92.266533
12300.842285	-95.240471
12306.225586	-91.611427
12311.608887	-99.942673
12316.992188	-90.453423
12322.375488	-90.076958
12327.758789	-89.095482
12333.142090	-88.800209
12338.525391	-95.731644
12343.908691	-93.080338
12349.291992	-92.707214
12354.675293	-90.568642
12360.058594	-94.286362
12365.441895	-91.859161
12370.825195	-92.290169
12376.208496	-93.933090
12381.591797	-91.153152
12386.975098	-92.768898
12392.358398	-90.105461
12397.741699	-87.217377
12403.125000	-88.074417
12408.508301	-89.185188
12413.891602	-94.361824
12419.274902	-92.704300
12424.658203	-89.647522
12430.041504	-89.989769
12435.424805	-89.548058
12440.808105	-96.456451
12446.191406	-94.909592
12451.574707	-95.709518
12456.958008	-93.277023
12462.341309	-96.804008
12467.724609	-91.486649
12473.107910	-90.657471
12478.491211	-86.933006
12483.874512	-84.137299
12489.257812	-83.719429
12494.641113	-86.556450
12500.024414	-84.817627
12505.407715	-86.480019
12510.791016	-89.121483
12516.174316	-88.672791
12521.557617	-85.008492
12526.940918	-94.715454
12532.324219	-87.718712
12537.707520	-73.397751
12543.090820	-68.257355
12548.474121	-67.060196
12553.857422	-68.553436
12559.240723	-72.496574
12564.624023	-77.396942
12570.007324	-83.007919
12575.390625	-88.026237
12580.773926	-95.289948
12586.157227	-92.970802
12591.540527	-97.679527
12596.923828	-91.320862
12602.307129	-91.393982
12607.690430	-96.817894
12613.073730	-101.186096
12618.457031	-102.637985
12623.840332	-107.316193
12629.223633	-103.698578
12634.606934	-95.004211
12639.990234	-93.166046
12645.373535	-99.915367
12650.756836	-98.381981
12656.140137	-93.706413
12661.523438	-98.325325
12666.906738	-98.667313
12672.290039	-95.293236
12677.673340	-104.332779
12683.056641	-95.642746
12688.439941	-95.207237
12693.823242	-95.354057
12699.206543	-90.423653
12704.589844	-94.282005
12709.973145	-92.434288
12715.356445	-94.789185
12720.739746	-90.779831
12726.123047	-93.812965
12731.506348	-95.876579
12736.889648	-97.105553
12742.272949	-97.136597
12747.656250	-99.234428
12753.039551	-95.053261
12758.422852	-102.457733
12763.806152	-96.396919
12769.189453	-98.517693
12774.572754	-96.660385
12779.956055	-94.069595
12785.339355	-90.096588
12790.722656	-90.573296
12796.105957	-93.996758
12801.489258	-94.870346
12806.872559	-98.044205
12812.255859	-93.706207
12817.639160	-93.224113
12823.022461	-98.449234
12828.405762	-95.722969
12833.789062	-93.018082
12839.172363	-90.508400
12844.555664	-93.946022
12849.938965	-95.969666
12855.322266	-88.550117
12860.705566	-87.881874
12866.088867	-92.410446
12871.472168	-88.888557
12876.855469	-88.254646
12882.238770	-83.463043
12887.622070	-79.693237
12893.005371	-79.429947
12898.388672	-80.810158
12903.771973	-78.197777
12909.155273	-77.443611
12914.538574	-78.390984
12919.921875	-80.800079
12925.305176	-83.981010
12930.688477	-84.574875
12936.071777	-87.797852
12941.455078	-89.011787
12946.838379	-87.271950
12952.221680	-90.688202
12957.604980	-104.060692
12962.988281	-98.790497
12968.371582	-98.721489
12973.754883	-94.523682
12979.138184	-91.839592
12984.521484	-95.420120
12989.904785	-96.876328
12995.288086	-101.395844
13000.671387	-99.168617
13006.054688	-101.283630
13011.437988	-103.001564
13016.821289	-103.043091
13022.204590	-105.434738
13027.587891	-98.245918
13032.971191	-98.045898
13038.354492	-99.111961
13043.737793	-95.011047
13049.121094	-92.820061
13054.504395	-95.771606
13059.887695	-100.739517
13065.270996	-101.881599
13070.654297	-97.524193
13076.037598	-95.266541
13081.420898	-97.854546
13086.804199	-101.912819
13092.187500	-97.037613
13097.570801	-95.374771
13102.954102	-100.744659
13108.337402	-100.123566
13113.720703	-99.692184
13119.104004	-98.517586
13124.487305	-101.786743
13129.870605	-106.928474
13135.253906	-107.282196
13140.637207	-107.597946
13146.020508	-106.858482
13151.403809	-100.804642
13156.787109	-102.380836
13162.170410	-98.668388
13167.553711	-97.379074
13172.937012	-95.952751
13178.320312	-102.619034
13183.703613	-99.462486
13189.086914	-101.517426
13194.470215	-96.973267
13199.853516	-97.243378
13205.236816	-92.840439
13210.620117	-99.355583
13216.003418	-99.148033
13221.386719	-89.688995
13226.770020	-87.886284
13232.153320	-87.233109
13237.536621	-89.308395
13242.919922	-89.741257
13248.303223	-87.706108
13253.686523	-84.626740
13259.069824	-80.324509
13264.453125	-81.194984
13269.836426	-82.729439
13275.219727	-83.066673
13280.603027	-85.668030
13285.986328	-89.951691
13291.369629	-91.586868
13296.752930	-90.035889
13302.136230	-93.912201
13307.519531	-95.538361
13312.902832	-94.889923
13318.286133	-96.657997
13323.669434	-94.451019
13329.052734	-94.087936
13334.436035	-99.836487
13339.819336	-100.332947
13345.202637	-95.747658
13350.585938	-100.147430
13355.969238	-96.761612
13361.352539	-95.435341
13366.735840	-105.576843
13372.119141	-97.611343
13377.502441	-105.526840
13382.885742	-104.399597
13388.269043	-97.679924
13393.652344	-100.375282
13399.035645	-101.904350
13404.418945	-96.902061
13409.802246	-95.314018
13415.185547	-97.616165
13420.568848	-100.596596
13425.952148	-97.040794
13431.335449	-103.134941
13436.718750	-102.852898
13442.102051	-98.949379
13447.485352	-98.100166
13452.868652	-97.215317
13458.251953	-107.623543
13463.635254	-100.310959
13469.018555	-103.920807
13474.401855	-98.506538
13479.785156	-98.890839
13485.168457	-96.054916
13490.551758	-97.972603
13495.935059	-98.379532
13501.318359	-94.142815
13506.701660	-99.639549
13512.084961	-107.729988
13517.468262	-96.917122
13522.851562	-97.954514
13528.234863	-93.906624
13533.618164	-92.943176
13539.001465	-97.206894
13544.384766	-98.592735
13549.768066	-91.765701
13555.151367	-91.199402
13560.534668	-98.128784
13565.917969	-109.910362
13571.301270	-95.221947
13576.684570	-92.793373
13582.067871	-89.633156
13587.451172	-89.846283
13592.834473	-100.404175
13598.217773	-91.007347
13603.601074	-93.792648
13608.984375	-91.205070
13614.367676	-85.207703
13619.750977	-79.528618
13625.134277	-77.054016
13630.517578	-76.840958
13635.900879	-78.258469
13641.284180	-80.051865
13646.667480	-81.935654
13652.050781	-85.965630
13657.434082	-86.677185
13662.817383	-89.232491
13668.200684	-92.086937
13673.583984	-92.918526
13678.967285	-96.355034
13684.350586	-102.241730
13689.733887	-105.402817
13695.117188	-108.453819
13700.500488	-99.957672
13705.883789	-94.116013
13711.267090	-98.804626
13716.650391	-100.612968
13722.033691	-104.378899
13727.416992	-103.070297
13732.800293	-99.589241
13738.183594	-102.391846
13743.566895	-100.406563
13748.950195	-102.045921
13754.333496	-96.450325
13759.716797	-92.737549
13765.100098	-94.041107
13770.483398	-93.269371
13775.866699	-95.856964
13781.250000	-97.893898
13786.633301	-110.363075
13792.016602	-101.212372
13797.399902	-102.092598
13802.783203	-102.209503
13808.166504	-98.107193
13813.549805	-99.035477
13818.933105	-100.772736
13824.316406	-107.943390
13829.699707	-100.654678
13835.083008	-100.916840
13840.466309	-105.198250
13845.849609	-98.696404
13851.232910	-101.145622
13856.616211	-101.568169
13861.999512	-98.300705
13867.382812	-93.917664
13872.766113	-94.820732
13878.149414	-103.885612
13883.532715	-97.239334
13888.916016	-95.458229
13894.299316	-96.822685
13899.682617	-95.011055
13905.065918	-99.705605
13910.449219	-95.027374
13915.832520	-100.562775
13921.215820	-99.904770
13926.599121	-94.038078
13931.982422	-91.755280
13937.365723	-93.759277
13942.749023	-92.949287
13948.132324	-89.571510
13953.515625	-91.276855
13958.898926	-89.725998
13964.282227	-93.058777
13969.665527	-87.621429
13975.048828	-84.887642
13980.432129	-82.118324
13985.815430	-81.125214
13991.198730	-82.951805
13996.582031	-87.874969
14001.965332	-91.980347
14007.348633	-100.303902
14012.731934	-100.552788
14018.115234	-101.757446
14023.498535	-104.927834
14028.881836	-98.487160
14034.265137	-99.333420
14039.648438	-103.047554
14045.031738	-98.942886
14050.415039	-100.900787
14055.798340	-102.932625
14061.181641	-97.101585
14066.564941	-98.134827
14071.948242	-108.345085
14077.331543	-107.655159
14082.714844	-110.380264
14088.098145	-103.353256
14093.481445	-104.940735
14098.864746	-102.850594
14104.248047	-106.295815
14109.631348	-106.775146
14115.014648	-99.163437
14120.397949	-102.956795
14125.781250	-100.896370
14131.164551	-97.333328
14136.547852	-101.171570
14141.931152	-99.832314
14147.314453	-97.470146
14152.697754	-98.400261
14158.081055	-103.975037
14163.464355	-95.197258
14168.847656	-100.260284
14174.230957	-101.526360
14179.614258	-94.119240
14184.997559	-96.075317
14190.380859	-94.826752
14195.764160	-97.171478
14201.147461	-93.296181
14206.530762	-105.473480
14211.914062	-98.991974
14217.297363	-93.828743
14222.680664	-90.992683
14228.063965	-88.641541
14233.447266	-87.085983
14238.830566	-89.158142
14244.213867	-94.389496
14249.597168	-94.191032
14254.980469	-97.048973
14260.363770	-114.166046
14265.747070	-99.059357
14271.130371	-95.475113
14276.513672	-91.915352
14281.896973	-91.719131
14287.280273	-91.479828
14292.663574	-90.457024
14298.046875	-90.423935
14303.430176	-92.369537
14308.813477	-90.215607
14314.196777	-89.667534
14319.580078	-93.661880
14324.963379	-99.717186
14330.346680	-91.718994
14335.729980	-84.193489
14341.113281	-79.281662
14346.496582	-78.957726
14351.879883	-80.692101
14357.263184	-81.515770
14362.646484	-83.938606
14368.029785	-85.495605
14373.413086	-86.202034
14378.796387	-88.106934
14384.179688	-91.786774
14389.562988	-93.198265
14394.946289	-96.150993
14400.329590	-93.377396
14405.712891	-99.980980
14411.096191	-94.814827
14416.479492	-99.526825
14421.862793	-98.512688
14427.246094	-99.638306
14432.629395	-99.045837
14438.012695	-99.241219
14443.395996	-98.170158
14448.779297	-93.132675
14454.162598	-96.580811
14459.545898	-102.425644
14464.929199	-95.713173
14470.312500	-103.953621
14475.695801	-102.571205
14481.079102	-104.703812
14486.462402	-110.373093
14491.845703	-105.571388
14497.229004	-100.763748
14502.612305	-100.029045
14507.995605	-94.388718
14513.378906	-103.958466
14518.762207	-95.425423
14524.145508	-96.466568
14529.528809	-98.619270
14534.912109	-96.032372
14540.295410	-96.891891
14545.678711	-101.315659
14551.062012	-96.051735
14556.445312	-96.053230
14561.828613	-94.026161
14567.211914	-95.861931
14572.595215	-98.056763
14577.978516	-102.685165
14583.361816	-104.760193
14588.745117	-101.157997
14594.128418	-102.429443
14599.511719	-109.020187
14604.895020	-101.096268
14610.278320	-104.384285
14615.661621	-96.778343
14621.044922	-97.367584
14626.428223	-96.619568
14631.811523	-95.304657
14637.194824	-97.798912
14642.578125	-98.533745
14647.961426	-101.610283
14653.344727	-98.814232
14658.728027	-97.341316
14664.111328	-98.280647
14669.494629	-103.958954
14674.877930	-94.045860
14680.261230	-94.170715
14685.644531	-91.233772
14691.027832	-96.586716
14696.411133	-102.375031
14701.794434	-96.050545
14707.177734	-91.075729
14712.561035	-92.290459
14717.944336	-95.185135
14723.327637	-97.289742
14728.710938	-101.179939
14734.094238	-102.215424
14739.477539	-95.007332
14744.860840	-96.974426
14750.244141	-96.288124
14755.627441	-105.424629
14761.010742	-108.451851
14766.394043	-105.981865
14771.777344	-102.342010
14777.160645	-104.003769
14782.543945	-98.008087
14787.927246	-104.137314
14793.310547	-96.173065
14798.693848	-100.759422
14804.077148	-97.693443
14809.460449	-101.354622
14814.843750	-100.939568
14820.227051	-98.028946
14825.610352	-102.292084
14830.993652	-105.825989
14836.376953	-102.380417
14841.760254	-102.592834
14847.143555	-100.378082
14852.526855	-93.490349
14857.910156	-99.697227
14863.293457	-104.153465
14868.676758	-102.257683
14874.060059	-98.896927
14879.443359	-101.719246
14884.826660	-109.319260
14890.209961	-104.053322
14895.593262	-98.306450
14900.976562	-103.547386
14906.359863	-96.662888
14911.743164	-101.948311
14917.126465	-99.180855
14922.509766	-99.641327
14927.893066	-108.068459
14933.276367	-101.396187
14938.659668	-99.610962
14944.042969	-104.057022
14949.426270	-106.843529
14954.809570	-102.377213
14960.192871	-103.322556
14965.576172	-102.571747
14970.959473	-100.028824
14976.342773	-103.509392
14981.726074	-107.131660
14987.109375	-105.586403
14992.492676	-101.916039
14997.875977	-99.633270
15003.259277	-100.564171
15008.642578	-109.159851
15014.025879	-107.404594
15019.409180	-101.785675
15024.792480	-96.302460
15030.175781	-95.311302
15035.559082	-96.543274
15040.942383	-92.094879
15046.325684	-99.569077
15051.708984	-96.463699
15057.092285	-94.503906
15062.475586	-103.089592
15067.858887	-87.632172
15073.242188	-85.173317
15078.625488	-83.282883
15084.008789	-83.780273
15089.392090	-86.459846
15094.775391	-89.223969
15100.158691	-90.758202
15105.541992	-91.988602
15110.925293	-94.308647
15116.308594	-96.440140
15121.691895	-100.649452
15127.075195	-97.259148
15132.458496	-98.084862
15137.841797	-102.872940
15143.225098	-104.946022
15148.608398	-105.175468
15153.991699	-106.555054
15159.375000	-105.465874
15164.758301	-104.404549
15170.141602	-100.682457
15175.524902	-104.691780
15180.908203	-103.361595
15186.291504	-99.271378
15191.674805	-104.084366
15197.058105	-104.113457
15202.441406	-101.372787
15207.824707	-99.593132
15213.208008	-104.813690
15218.591309	-97.661728
15223.974609	-99.200706
15229.357910	-97.763298
15234.741211	-101.394829
15240.124512	-101.305923
15245.507812	-101.000557
15250.891113	-104.879753
15256.274414	-104.535278
15261.657715	-105.749741
15267.041016	-106.293449
15272.424316	-100.059059
15277.807617	-106.741875
15283.190918	-104.971428
15288.574219	-104.066170
15293.957520	-104.501625
15299.340820	-96.214355
15304.724121	-95.042160
15310.107422	-98.011543
15315.490723	-106.937172
15320.874023	-105.249588
15326.257324	-99.707039
15331.640625	-95.381073
15337.023926	-96.877907
15342.407227	-97.438019
15347.790527	-98.187897
15353.173828	-97.464272
15358.557129	-94.838120
15363.940430	-94.693245
15369.323730	-99.050926
15374.707031	-116.941910
15380.090332	-106.448639
15385.473633	-103.158501
15390.856934	-101.755775
15396.240234	-102.777863
15401.623535	-102.991783
15407.006836	-103.805489
15412.390137	-94.419876
15417.773438	-98.668884
15423.156738	-95.164330
15428.540039	-97.580475
15433.923340	-94.383476
15439.306641	-92.790649
15444.689941	-92.453217
15450.073242	-93.187767
15455.456543	-95.761002
15460.839844	-93.657684
15466.223145	-93.196625
15471.606445	-93.957352
15476.989746	-96.121506
15482.373047	-101.136581
15487.756348	-100.064674
15493.139648	-96.873421
15498.522949	-102.101723
15503.906250	-99.030342
15509.289551	-100.472755
15514.672852	-108.592247
15520.056152	-100.944824
15525.439453	-103.378471
15530.822754	-105.164818
15536.206055	-103.643600
15541.589355	-107.748726
15546.972656	-99.926521
15552.355957	-100.945511
15557.739258	-108.963913
15563.122559	-103.864136
15568.505859	-101.032928
15573.889160	-101.629692
15579.272461	-103.107941
15584.655762	-97.419472
15590.039062	-97.778221
15595.422363	-101.745590
15600.805664	-102.356773
15606.188965	-105.632286
15611.572266	-108.335938
15616.955566	-110.273651
15622.338867	-109.023102
15627.722168	-105.000107
15633.105469	-103.955269
15638.488770	-100.469788
15643.872070	-99.354057
15649.255371	-105.112015
15654.638672	-114.975510
15660.021973	-101.467575
15665.405273	-102.337517
15670.788574	-103.541000
15676.171875	-103.284859
15681.555176	-102.443237
15686.938477	-102.652710
15692.321777	-104.111252
15697.705078	-103.819687
15703.088379	-101.773354
15708.471680	-104.418564
15713.854980	-103.936447
15719.238281	-99.044861
15724.621582	-99.759415
15730.004883	-103.044044
15735.388184	-101.742332
15740.771484	-106.770523
15746.154785	-102.176277
15751.538086	-102.082947
15756.921387	-103.122879
15762.304688	-101.205132
15767.687988	-99.506821
15773.071289	-101.489273
15778.454590	-105.400192
15783.837891	-104.563812
15789.221191	-106.530396
15794.604492	-105.760780
15799.987793	-100.146584
15805.371094	-99.257904
15810.754395	-101.776154
15816.137695	-94.798225
15821.520996	-94.132736
15826.904297	-96.388268
15832.287598	-93.417130
15837.670898	-103.013222
15843.054199	-98.508125
15848.437500	-111.530556
15853.820801	-96.844452
15859.204102	-99.648773
15864.587402	-100.264374
15869.970703	-100.031113
15875.354004	-100.261055
15880.737305	-105.161674
15886.120605	-104.596199
15891.503906	-105.238205
15896.887207	-107.434700
15902.270508	-105.221146
15907.653809	-100.285316
15913.037109	-98.129745
15918.420410	-103.650116
15923.803711	-111.602364
15929.187012	-105.749237
15934.570312	-99.461655
15939.953613	-109.411232
15945.336914	-100.921944
15950.720215	-101.505005
15956.103516	-96.986328
15961.486816	-98.088821
15966.870117	-97.458252
15972.253418	-97.786263
15977.636719	-101.905724
15983.020020	-104.564636
15988.403320	-100.999809
15993.786621	-101.784431
15999.169922	-105.738838
16004.553223	-104.227043
16009.936523	-107.638847
16015.319824	-104.102249
16020.703125	-103.314758
16026.086426	-109.562706
16031.469727	-107.143356
16036.853027	-99.248825
16042.236328	-97.080681
16047.619629	-103.278160
16053.002930	-103.789314
16058.386230	-106.501076
16063.769531	-100.044571
16069.152832	-102.894585
16074.536133	-112.554726
16079.919434	-101.819626
16085.302734	-110.385643
16090.686035	-101.417564
16096.069336	-99.524284
16101.452637	-102.473412
16106.835938	-101.400520
16112.219238	-106.778786
16117.602539	-108.739510
16122.985840	-106.384903
16128.369141	-104.498024
16133.752441	-96.276505
16139.135742	-103.685364
16144.519043	-97.232353
16149.902344	-96.982674
16155.285645	-103.997803
16160.668945	-100.005310
16166.052246	-92.972206
16171.435547	-93.618866
16176.818848	-98.185638
16182.202148	-98.797249
16187.585449	-99.922638
16192.968750	-100.255173
16198.352051	-99.084106
16203.735352	-106.076195
16209.118652	-112.269119
16214.501953	-106.621849
16219.885254	-101.343643
16225.268555	-101.892174
16230.651855	-103.314224
16236.035156	-99.197990
16241.418457	-105.347557
16246.801758	-103.296440
16252.185059	-107.554092
16257.568359	-98.367226
16262.951660	-97.200180
16268.334961	-98.111084
16273.718262	-104.226128
16279.101562	-103.439209
16284.484863	-106.624969
16289.868164	-105.641151
16295.251465	-103.878876
16300.634766	-101.830154
16306.018066	-110.100105
16311.401367	-105.295700
16316.784668	-107.050674
16322.167969	-105.089287
16327.551270	-107.054466
16332.934570	-109.116234
16338.317871	-104.730202
16343.701172	-110.269012
16349.084473	-100.788963
16354.467773	-103.047501
16359.851074	-100.529587
16365.234375	-100.110840
16370.617676	-103.289368
16376.000977	-111.829063
16381.384277	-102.459503
16386.767578	-108.892761
16392.150879	-106.306747
16397.534180	-103.704163
16402.917480	-103.840134
16408.300781	-104.726944
16413.684082	-102.447968
16419.067383	-102.259781
16424.450684	-101.424255
16429.833984	-103.476074
16435.217285	-103.442764
16440.600586	-103.176109
16445.983887	-108.912437
16451.367188	-102.568527
16456.750488	-104.881317
16462.133789	-107.973595
16467.517090	-110.348137
16472.900391	-104.784843
16478.283691	-103.720116
16483.666992	-101.370369
16489.050293	-99.854561
16494.433594	-103.315422
16499.816895	-97.964302
16505.200195	-97.998100
16510.583496	-101.999527
16515.966797	-105.008667
16521.350098	-100.523895
16526.733398	-109.579308
16532.116699	-107.380722
16537.500000	-102.729515
16542.883301	-106.839752
16548.266602	-100.597084
16553.649902	-108.095512
16559.033203	-96.184265
16564.416504	-96.690651
16569.799805	-101.340919
16575.183105	-104.744675
16580.566406	-103.807159
16585.949707	-100.624290
16591.333008	-103.446205
16596.716309	-101.795059
16602.099609	-106.295990
16607.482910	-106.896774
16612.866211	-102.335556
16618.249512	-106.326622
16623.632812	-102.567726
16629.016113	-103.335281
16634.399414	-111.517921
16639.782715	-104.169746
16645.166016	-105.822235
16650.549316	-106.204971
16655.932617	-105.991653
16661.315918	-105.210869
16666.699219	-100.828766
16672.082520	-100.765778
16677.465820	-103.268875
16682.849121	-102.574753
16688.232422	-105.751427
16693.615723	-104.862083
16698.999023	-104.323311
16704.382324	-100.143295
16709.765625	-103.655998
16715.148926	-114.314285
16720.532227	-107.199524
16725.915527	-112.492271
16731.298828	-105.616379
16736.682129	-105.908943
16742.065430	-105.739082
16747.448730	-103.580376
16752.832031	-104.260368
16758.215332	-107.637428
16763.598633	-106.198746
16768.981934	-104.799591
16774.365234	-107.627098
16779.748535	-103.505013
16785.131836	-104.060616
16790.515137	-112.812927
16795.898438	-111.421143
16801.281738	-103.400635
16806.665039	-104.576477
16812.048340	-104.804909
16817.431641	-105.357735
16822.814941	-110.193764
16828.198242	-113.226807
16833.581543	-103.315514
16838.964844	-98.603378
16844.348145	-101.726181
16849.731445	-109.015602
16855.114746	-107.856400
16860.498047	-101.724655
16865.881348	-100.340401
16871.264648	-98.763695
16876.647949	-100.535324
16882.031250	-98.054367
16887.414551	-107.592789
16892.797852	-103.819099
16898.181152	-101.262215
16903.564453	-105.067825
16908.947754	-101.581673
16914.331055	-107.192459
16919.714355	-115.821304
16925.097656	-99.359390
16930.480957	-99.232353
16935.864258	-103.223701
16941.247559	-98.284492
16946.630859	-95.622681
16952.014160	-100.476463
16957.397461	-103.555817
16962.780762	-102.716415
16968.164062	-102.901474
16973.547363	-108.399124
16978.930664	-102.556839
16984.313965	-100.099770
16989.697266	-100.332550
16995.080566	-101.042213
17000.463867	-105.860001
17005.847168	-101.735626
17011.230469	-101.311653
17016.613770	-107.816650
17021.997070	-108.252510
17027.380371	-104.139954
17032.763672	-103.100586
17038.146973	-100.511803
17043.530273	-107.674194
17048.913574	-110.844933
17054.296875	-106.476738
17059.680176	-103.124863
17065.063477	-102.726387
17070.446777	-99.823181
17075.830078	-101.707367
17081.213379	-106.108696
17086.596680	-101.634125
17091.979980	-106.583382
17097.363281	-105.785393
17102.746582	-103.542191
17108.129883	-104.187233
17113.513184	-100.480339
17118.896484	-99.849030
17124.279785	-104.640266
17129.663086	-105.096474
17135.046387	-102.990204
17140.429688	-103.824654
17145.812988	-100.327621
17151.196289	-105.051605
17156.579590	-100.930237
17161.962891	-98.400139
17167.346191	-97.033173
17172.729492	-97.213272
17178.112793	-103.684608
17183.496094	-101.067619
17188.879395	-99.909264
17194.262695	-96.419525
17199.645996	-97.155846
17205.029297	-102.947952
17210.412598	-107.079254
17215.795898	-104.933952
17221.179199	-109.533287
17226.562500	-101.952209
17231.945801	-104.009506
17237.329102	-104.730675
17242.712402	-103.376457
17248.095703	-102.996529
17253.479004	-112.789619
17258.862305	-104.441750
17264.245605	-106.043045
17269.628906	-122.399696
17275.012207	-110.237122
17280.395508	-109.414444
17285.778809	-101.883728
17291.162109	-99.845009
17296.545410	-98.561852
17301.928711	-99.883812
17307.312012	-96.773956
17312.695312	-101.846085
17318.078613	-105.310478
17323.461914	-103.339508
17328.845215	-108.114082
17334.228516	-105.783943
17339.611816	-108.414177
17344.995117	-101.873459
17350.378418	-100.256523
17355.761719	-101.089516
17361.145020	-103.821388
17366.528320	-104.073990
17371.911621	-101.478729
17377.294922	-105.674583
17382.678223	-113.585121
17388.061523	-112.438011
17393.444824	-104.577301
17398.828125	-102.966461
17404.211426	-106.296272
17409.594727	-112.750595
17414.978027	-104.245941
17420.361328	-105.668167
17425.744629	-105.720581
17431.127930	-102.270699
17436.511230	-105.785248
17441.894531	-98.675377
17447.277832	-99.135521
17452.661133	-102.930771
17458.044434	-101.357887
17463.427734	-100.924179
17468.811035	-104.178688
17474.194336	-100.824074
17479.577637	-99.857521
17484.960938	-104.775230
17490.344238	-95.744881
17495.727539	-99.235817
17501.110840	-97.974625
17506.494141	-99.402740
17511.877441	-105.891907
17517.260742	-108.142052
17522.644043	-105.174782
17528.027344	-107.635590
17533.410645	-104.530106
17538.793945	-103.443825
17544.177246	-108.243019
17549.560547	-106.381752
17554.943848	-100.927376
17560.327148	-100.945709
17565.710449	-102.433739
17571.093750	-103.553642
17576.477051	-110.054924
17581.860352	-101.752571
17587.243652	-107.754433
17592.626953	-98.667847
17598.010254	-103.318756
17603.393555	-106.682053
17608.776855	-105.489403
17614.160156	-104.187767
17619.543457	-104.513885
17624.926758	-103.012955
17630.310059	-103.525528
17635.693359	-99.471581
17641.076660	-110.803513
17646.459961	-107.877769
17651.843262	-102.826538
17657.226562	-105.535797
17662.609863	-98.829987
17667.993164	-103.705437
17673.376465	-104.761421
17678.759766	-106.295486
17684.143066	-101.158928
17689.526367	-101.752602
17694.909668	-106.491318
17700.292969	-106.766731
17705.676270	-100.904533
17711.059570	-103.715706
17716.442871	-97.531982
17721.826172	-104.190468
17727.209473	-111.308907
17732.592773	-104.152893
17737.976074	-108.709579
17743.359375	-104.775291
17748.742676	-103.434784
17754.125977	-103.198677
17759.509277	-104.118622
17764.892578	-101.828171
17770.275879	-98.003860
17775.659180	-98.039909
17781.042480	-99.912003
17786.425781	-104.736267
17791.809082	-101.626564
17797.192383	-104.850830
17802.575684	-102.425255
17807.958984	-100.296417
17813.342285	-104.094833
17818.725586	-114.147820
17824.108887	-103.402863
17829.492188	-102.034225
17834.875488	-104.275757
17840.258789	-98.695831
17845.642090	-107.831482
17851.025391	-107.454834
17856.408691	-101.318893
17861.791992	-97.343239
17867.175293	-100.488762
17872.558594	-101.175545
17877.941895	-101.092857
17883.325195	-108.209618
17888.708496	-103.067001
17894.091797	-102.125618
17899.475098	-107.516342
17904.858398	-101.201233
17910.241699	-100.245239
17915.625000	-113.190239
17921.008301	-100.773674
17926.391602	-100.373955
17931.774902	-102.378349
17937.158203	-110.385262
17942.541504	-104.334930
17947.924805	-101.132202
17953.308105	-101.492729
17958.691406	-103.792755
17964.074707	-105.503464
17969.458008	-100.127083
17974.841309	-99.940086
17980.224609	-102.314682
17985.607910	-99.178047
17990.991211	-103.391457
17996.374512	-101.128632
18001.757812	-96.495987
18007.141113	-100.358467
18012.524414	-112.556526
18017.907715	-99.565071
18023.291016	-101.609352
18028.674316	-102.277985
18034.057617	-96.095505
18039.440918	-95.311226
18044.824219	-100.158516
18050.207520	-100.417046
18055.590820	-95.147514
18060.974121	-101.014374
18066.357422	-103.399612
18071.740723	-97.360847
18077.124023	-99.735435
18082.507324	-101.951439
18087.890625	-97.608772
18093.273926	-100.722061
18098.657227	-102.698837
18104.040527	-101.489136
18109.423828	-101.320946
18114.807129	-98.156227
18120.190430	-104.705666
18125.573730	-106.094460
18130.957031	-103.148315
18136.340332	-101.983818
18141.723633	-102.708420
18147.106934	-113.021500
18152.490234	-104.921196
18157.873535	-104.435860
18163.256836	-102.074066
18168.640137	-102.862846
18174.023438	-100.148499
18179.406738	-105.466240
18184.790039	-107.098389
18190.173340	-102.784706
18195.556641	-120.144547
18200.939941	-123.063332
18206.323242	-105.168594
18211.706543	-107.206757
18217.089844	-103.423851
18222.473145	-99.712502
18227.856445	-104.923920
18233.239746	-97.489731
18238.623047	-98.981461
18244.006348	-99.454323
18249.389648	-117.339523
18254.772949	-102.847565
18260.156250	-100.439095
18265.539551	-98.174110
18270.922852	-105.239609
18276.306152	-103.839745
18281.689453	-97.263191
18287.072754	-103.486397
18292.456055	-106.910423
18297.839355	-99.579826
18303.222656	-98.264824
18308.605957	-105.735741
18313.989258	-98.777519
18319.372559	-101.478935
18324.755859	-101.974617
18330.139160	-100.211090
18335.522461	-107.064468
18340.905762	-106.357643
18346.289062	-102.845406
18351.672363	-108.920265
18357.055664	-108.172989
18362.438965	-106.208611
18367.822266	-102.001251
18373.205566	-105.112328
18378.588867	-99.884872
18383.972168	-104.807411
18389.355469	-106.467728
18394.738770	-104.879959
18400.122070	-101.881653
18405.505371	-109.912849
18410.888672	-104.193390
18416.271973	-104.963066
18421.655273	-104.599464
18427.038574	-105.968422
18432.421875	-105.854141
18437.805176	-102.142609
18443.188477	-98.450241
18448.571777	-98.733177
18453.955078	-106.586464
18459.338379	-105.376030
18464.721680	-104.492668
18470.104980	-103.392754
18475.488281	-100.287613
18480.871582	-98.824333
18486.254883	-101.733002
18491.638184	-101.926384
18497.021484	-104.352104
18502.404785	-98.712143
18507.788086	-101.319267
18513.171387	-102.100731
18518.554688	-102.717567
18523.937988	-102.924026
18529.321289	-99.157005
18534.704590	-104.960823
18540.087891	-103.209488
18545.471191	-102.191772
18550.854492	-100.896217
18556.237793	-95.486198
18561.621094	-108.747757
18567.004395	-105.398926
18572.387695	-102.548576
18577.770996	-99.173141
18583.154297	-104.535965
18588.537598	-97.374245
18593.920898	-99.978813
18599.304199	-110.421951
18604.687500	-106.814903
18610.070801	-101.552414
18615.454102	-108.664970
18620.837402	-110.848206
18626.220703	-105.945557
18631.604004	-103.167664
18636.987305	-105.441544
18642.370605	-107.781113
18647.753906	-113.778870
18653.137207	-107.217506
18658.520508	-103.229813
18663.903809	-102.581520
18669.287109	-101.072159
18674.670410	-105.379295
18680.053711	-109.694138
18685.437012	-112.111160
18690.820312	-109.177711
18696.203613	-105.569984
18701.586914	-105.860626
18706.970215	-108.517769
18712.353516	-119.498421
18717.736816	-108.372459
18723.120117	-110.133507
18728.503418	-106.860222
18733.886719	-108.718498
18739.270020	-108.885292
18744.653320	-108.734138
18750.036621	-103.980423
18755.419922	-109.121284
18760.803223	-104.444984
18766.186523	-102.763496
18771.569824	-103.543556
18776.953125	-108.384171
18782.336426	-100.308334
18787.719727	-110.436295
18793.103027	-104.194290
18798.486328	-108.152443
18803.869629	-101.603851
18809.252930	-96.587105
18814.636230	-104.851463
18820.019531	-98.082726
18825.402832	-104.043381
18830.786133	-109.045319
18836.169434	-98.904739
18841.552734	-106.924675
18846.936035	-115.382713
18852.319336	-111.096916
18857.702637	-104.419044
18863.085938	-110.038300
18868.469238	-105.047668
18873.852539	-108.832329
18879.235840	-107.151901
18884.619141	-104.222572
18890.002441	-99.457314
18895.385742	-107.272156
18900.769043	-105.208023
18906.152344	-106.473389
18911.535645	-109.099281
18916.918945	-104.582413
18922.302246	-109.892761
18927.685547	-110.235565
18933.068848	-104.663734
18938.452148	-104.970833
18943.835449	-101.533989
18949.218750	-105.686470
18954.602051	-104.804161
18959.985352	-101.670410
18965.368652	-101.088203
18970.751953	-112.485954
18976.135254	-105.963394
18981.518555	-106.543045
18986.901855	-105.319542
18992.285156	-111.181282
18997.668457	-114.027512
19003.051758	-108.540756
19008.435059	-103.288620
19013.818359	-111.659050
19019.201660	-103.987778
19024.584961	-101.911835
19029.968262	-99.319267
19035.351562	-103.632179
19040.734863	-106.072227
19046.118164	-109.031433
19051.501465	-104.893219
19056.884766	-101.674561
19062.268066	-112.558540
19067.651367	-104.254929
19073.034668	-105.930626
19078.417969	-103.391960
19083.801270	-107.843529
19089.184570	-108.542961
19094.567871	-112.206627
19099.951172	-111.596611
19105.334473	-106.037224
19110.717773	-100.802536
19116.101074	-100.945312
19121.484375	-103.589661
19126.867676	-107.525467
19132.250977	-103.554390
19137.634277	-103.167770
19143.017578	-102.773628
19148.400879	-102.994179
19153.784180	-102.443314
19159.167480	-105.324745
19164.550781	-113.138573
19169.934082	-101.942558
19175.317383	-98.414429
19180.700684	-97.346581
19186.083984	-101.510544
19191.467285	-101.572174
19196.850586	-107.589142
19202.233887	-101.572655
19207.617188	-102.292496
19213.000488	-113.877335
19218.383789	-97.077126
19223.767090	-100.623032
19229.150391	-104.662537
19234.533691	-117.205757
19239.916992	-109.357773
19245.300293	-108.002571
19250.683594	-108.651237
19256.066895	-102.777084
19261.450195	-115.021919
19266.833496	-108.358925
19272.216797	-113.374763
19277.600098	-109.769524
19282.983398	-107.949951
19288.366699	-107.328995
19293.750000	-105.385170
19299.133301	-104.334770
19304.516602	-104.303383
19309.899902	-111.933327
19315.283203	-108.282784
19320.666504	-110.471855
19326.049805	-105.832817
19331.433105	-108.900635
19336.816406	-107.515320
19342.199707	-110.830238
19347.583008	-101.949684
19352.966309	-103.645142
19358.349609	-101.567848
19363.732910	-103.182556
19369.116211	-105.109901
19374.499512	-103.959167
19379.882812	-107.535835
19385.266113	-109.585884
19390.649414	-106.089798
19396.032715	-112.239731
19401.416016	-109.509789
19406.799316	-105.024353
19412.182617	-109.031364
19417.565918	-103.124107
19422.949219	-106.729973
19428.332520	-103.944107
19433.715820	-109.017494
19439.099121	-110.102097
19444.482422	-104.235489
19449.865723	-104.351753
19455.249023	-105.241440
19460.632324	-102.959984
19466.015625	-103.612839
19471.398926	-105.825417
19476.782227	-104.542557
19482.165527	-105.083191
19487.548828	-109.121307
19492.932129	-106.896149
19498.315430	-104.745872
19503.698730	-109.801102
19509.082031	-115.300743
19514.465332	-114.699478
19519.848633	-111.208374
19525.231934	-111.931038
19530.615234	-107.627594
19535.998535	-109.940292
19541.381836	-107.034149
19546.765137	-112.763535
19552.148438	-106.115494
19557.531738	-102.241333
19562.915039	-107.094856
19568.298340	-111.222481
19573.681641	-113.619949
19579.064941	-109.963058
19584.448242	-108.040993
19589.831543	-117.146141
19595.214844	-106.347672
19600.598145	-113.667938
19605.981445	-107.978050
19611.364746	-103.992592
19616.748047	-105.382240
19622.131348	-105.118340
19627.514648	-109.904839
19632.897949	-101.882286
19638.281250	-105.139297
19643.664551	-104.549545
19649.047852	-105.786324
19654.431152	-105.006935
19659.814453	-103.656586
19665.197754	-111.335114
19670.581055	-109.751419
19675.964355	-112.557945
19681.347656	-112.698044
19686.730957	-112.051270
19692.114258	-106.365982
19697.497559	-107.680077
19702.880859	-107.338242
19708.264160	-108.198624
19713.647461	-107.008041
19719.030762	-99.218155
19724.414062	-100.671944
19729.797363	-105.354752
19735.180664	-101.810989
19740.563965	-103.969307
19745.947266	-110.440521
19751.330566	-104.915520
19756.713867	-105.049362
19762.097168	-109.436775
19767.480469	-106.810944
19772.863770	-105.833046
19778.247070	-105.042137
19783.630371	-111.268005
19789.013672	-118.202309
19794.396973	-110.409256
19799.780273	-111.877571
19805.163574	-108.453926
19810.546875	-115.151314
19815.930176	-109.891319
19821.313477	-115.914680
19826.696777	-107.588081
19832.080078	-107.953575
19837.463379	-113.364006
19842.846680	-114.018562
19848.229980	-108.902000
19853.613281	-110.344147
19858.996582	-109.145935
19864.379883	-104.565536
19869.763184	-105.506264
19875.146484	-119.240997
19880.529785	-110.147812
19885.913086	-106.798874
19891.296387	-103.798248
19896.679688	-109.582024
19902.062988	-111.139809
19907.446289	-109.816277
19912.829590	-106.490990
19918.212891	-106.693153
19923.596191	-106.545547
19928.979492	-111.052711
19934.362793	-109.354355
19939.746094	-107.887665
19945.129395	-110.742668
19950.512695	-109.264915
19955.895996	-118.083832
19961.279297	-105.042953
19966.662598	-105.948280
19972.045898	-116.546593
19977.429199	-110.137466
19982.812500	-110.012451
19988.195801	-108.335083
19993.579102	-111.348495
19998.962402	-105.130020
20004.345703	-106.471458
20009.729004	-109.702461
20015.112305	-107.177750
20020.495605	-106.461121
20025.878906	-107.258690
20031.262207	-108.610359
20036.645508	-109.264313
20042.028809	-106.323715
20047.412109	-106.889862
20052.795410	-114.484802
20058.178711	-108.469322
20063.562012	-108.509094
20068.945312	-113.406715
20074.328613	-108.803665
20079.711914	-107.484245
20085.095215	-109.252838
20090.478516	-107.291626
20095.861816	-105.233604
20101.245117	-107.137505
20106.628418	-112.657654
20112.011719	-113.689636
20117.395020	-111.000343
20122.778320	-116.926590
20128.161621	-114.644791
20133.544922	-121.021233
20138.928223	-106.018280
20144.311523	-104.808556
20149.694824	-109.939194
20155.078125	-107.215271
20160.461426	-114.022537
20165.844727	-109.862572
20171.228027	-108.575409
20176.611328	-107.056717
20181.994629	-107.330528
20187.377930	-109.146774
20192.761230	-110.328293
20198.144531	-107.563889
20203.527832	-110.186714
20208.911133	-117.411911
20214.294434	-109.128296
20219.677734	-107.822449
20225.061035	-107.544998
20230.444336	-107.556564
20235.827637	-105.314133
20241.210938	-106.463348
20246.594238	-106.099098
20251.977539	-104.693123
20257.360840	-105.503044
20262.744141	-105.438774
20268.127441	-100.951416
20273.510742	-113.527084
20278.894043	-105.339973
20284.277344	-109.113106
20289.660645	-107.237541
20295.043945	-108.162331
20300.427246	-109.530495
20305.810547	-109.624542
20311.193848	-106.228157
20316.577148	-109.441170
20321.960449	-107.805656
20327.343750	-107.319740
20332.727051	-111.874390
20338.110352	-109.528687
20343.493652	-114.987869
20348.876953	-106.113060
20354.260254	-107.096046
20359.643555	-109.762146
20365.026855	-112.246033
20370.410156	-109.828667
20375.793457	-110.692039
20381.176758	-103.409851
20386.560059	-108.441849
20391.943359	-109.272682
20397.326660	-118.739395
20402.709961	-109.642021
20408.093262	-105.971802
20413.476562	-111.375099
20418.859863	-111.490868
20424.243164	-113.900009
20429.626465	-110.917297
20435.009766	-109.716988
20440.393066	-114.590599
20445.776367	-108.302170
20451.159668	-112.922516
20456.542969	-113.741013
20461.926270	-110.122116
20467.309570	-108.390190
20472.692871	-114.079659
20478.076172	-107.979858
20483.459473	-107.510849
20488.842773	-115.283371
20494.226074	-115.950195
20499.609375	-105.870155
20504.992676	-107.441216
20510.375977	-111.374672
20515.759277	-107.892174
20521.142578	-110.512207
20526.525879	-110.401550
20531.909180	-106.332817
20537.292480	-110.722443
20542.675781	-110.028374
20548.059082	-108.508392
20553.442383	-108.885330
20558.825684	-111.253212
20564.208984	-115.911011
20569.592285	-109.399841
20574.975586	-110.811348
20580.358887	-108.174500
20585.742188	-107.059227
20591.125488	-121.176910
20596.508789	-111.018646
20601.892090	-109.116112
20607.275391	-112.796921
20612.658691	-112.919846
20618.041992	-110.500450
20623.425293	-107.821632
20628.808594	-116.303230
20634.191895	-113.074379
20639.575195	-112.722839
20644.958496	-111.860588
20650.341797	-113.251335
20655.725098	-108.265038
20661.108398	-116.144043
20666.491699	-109.074501
20671.875000	-107.692177
20677.258301	-108.107323
20682.641602	-107.207481
20688.024902	-106.504181
20693.408203	-109.506477
20698.791504	-116.676765
20704.174805	-112.029709
20709.558105	-110.744240
20714.941406	-109.858673
20720.324707	-111.167664
20725.708008	-111.761078
20731.091309	-112.914253
20736.474609	-112.707191
20741.857910	-107.297386
20747.241211	-110.204086
20752.624512	-113.198387
20758.007812	-115.691925
20763.391113	-108.481934
20768.774414	-106.482056
20774.157715	-105.152161
20779.541016	-106.655540
20784.924316	-110.232124
20790.307617	-110.370911
20795.690918	-115.171829
20801.074219	-106.604729
20806.457520	-106.678612
20811.840820	-108.592896
20817.224121	-110.073914
20822.607422	-119.527145
20827.990723	-112.525940
20833.374023	-113.185951
20838.757324	-114.710915
20844.140625	-113.832878
20849.523926	-109.236893
20854.907227	-108.248672
20860.290527	-111.097099
20865.673828	-113.174088
20871.057129	-115.183418
20876.440430	-112.580643
20881.823730	-113.390968
20887.207031	-111.572906
20892.590332	-110.826752
20897.973633	-110.585648
20903.356934	-109.811996
20908.740234	-111.322830
20914.123535	-110.655533
20919.506836	-114.670692
20924.890137	-112.545265
20930.273438	-111.455719
20935.656738	-111.468658
20941.040039	-110.797585
20946.423340	-114.054504
20951.806641	-114.545021
20957.189941	-111.483528
20962.573242	-112.429008
20967.956543	-113.183556
20973.339844	-110.646736
20978.723145	-111.612358
20984.106445	-109.542664
20989.489746	-110.089294
20994.873047	-115.091347
21000.256348	-114.592957
21005.639648	-115.764305
21011.022949	-111.605995
21016.406250	-105.668114
21021.789551	-114.247482
21027.172852	-121.548111
21032.556152	-114.205833
21037.939453	-120.794365
21043.322754	-111.588821
21048.706055	-118.294182
21054.089355	-116.665268
21059.472656	-110.745140
21064.855957	-107.494606
21070.239258	-108.496925
21075.622559	-111.922882
21081.005859	-116.086090
21086.389160	-111.686356
21091.772461	-105.859619
21097.155762	-105.608887
21102.539062	-109.732391
21107.922363	-112.936699
21113.305664	-112.132202
21118.688965	-110.460167
21124.072266	-110.861923
21129.455566	-122.739166
21134.838867	-115.312798
21140.222168	-110.074127
21145.605469	-111.131012
21150.988770	-109.663368
21156.372070	-110.227783
21161.755371	-120.499763
21167.138672	-112.379944
21172.521973	-108.004517
21177.905273	-109.412842
21183.288574	-109.592857
21188.671875	-110.640594
21194.055176	-108.874504
21199.438477	-110.045769
21204.821777	-111.358383
21210.205078	-109.126488
21215.588379	-111.727745
21220.971680	-108.730881
21226.354980	-110.377853
21231.738281	-111.805817
21237.121582	-108.033920
21242.504883	-114.690155
21247.888184	-110.268921
21253.271484	-110.553520
21258.654785	-117.478302
21264.038086	-114.702896
21269.421387	-114.190773
21274.804688	-123.660797
21280.187988	-117.512840
21285.571289	-113.065964
21290.954590	-108.949440
21296.337891	-108.108597
21301.721191	-113.662895
21307.104492	-117.334503
21312.487793	-114.232285
21317.871094	-109.315964
21323.254395	-122.151222
21328.637695	-115.989456
21334.020996	-113.636223
21339.404297	-110.822449
21344.787598	-112.622856
21350.170898	-115.532837
21355.554199	-113.647682
21360.937500	-112.890427
21366.320801	-111.542191
21371.704102	-123.980682
21377.087402	-111.475578
21382.470703	-113.957352
21387.854004	-122.650749
21393.237305	-114.146889
21398.620605	-110.226288
21404.003906	-114.467300
21409.387207	-116.291862
21414.770508	-112.121971
21420.153809	-110.616470
21425.537109	-113.816788
21430.920410	-109.889458
21436.303711	-112.878014
21441.687012	-113.083290
21447.070312	-115.021019
21452.453613	-110.296112
21457.836914	-110.184364
21463.220215	-112.331871
21468.603516	-114.568771
21473.986816	-108.536057
21479.370117	-116.054619
21484.753418	-117.332710
21490.136719	-111.335793
21495.520020	-114.315781
21500.903320	-116.582916
21506.286621	-113.460686
21511.669922	-122.631378
21517.053223	-114.043121
21522.436523	-112.922119
21527.819824	-113.669815
21533.203125	-112.108482
21538.586426	-110.438408
21543.969727	-109.091805
21549.353027	-108.225754
21554.736328	-110.643929
21560.119629	-117.019600
21565.502930	-111.946472
21570.886230	-112.510002
21576.269531	-110.427895
21581.652832	-116.764946
21587.036133	-116.469315
21592.419434	-115.799187
21597.802734	-117.327438
21603.186035	-110.488586
21608.569336	-111.875748
21613.952637	-110.001755
21619.335938	-113.244026
21624.719238	-119.607674
21630.102539	-111.594650
21635.485840	-114.813499
21640.869141	-113.989883
21646.252441	-112.655861
21651.635742	-112.381317
21657.019043	-109.876053
21662.402344	-109.967552
21667.785645	-111.825432
21673.168945	-117.096893
21678.552246	-116.625870
21683.935547	-109.106407
21689.318848	-113.488686
21694.702148	-112.204979
21700.085449	-113.172523
21705.468750	-112.353233
21710.852051	-113.424965
21716.235352	-116.805046
21721.618652	-114.743690
21727.001953	-111.073593
21732.385254	-111.413155
21737.768555	-114.536606
21743.151855	-113.035667
21748.535156	-117.227974
21753.918457	-117.541557
21759.301758	-117.539940
21764.685059	-110.938461
21770.068359	-111.267860
21775.451660	-112.325996
21780.834961	-110.123650
21786.218262	-117.244972
21791.601562	-115.668304
21796.984863	-115.497696
21802.368164	-115.982124
21807.751465	-113.845947
21813.134766	-111.321274
21818.518066	-112.656906
21823.901367	-112.600471
21829.284668	-112.893341
21834.667969	-115.138420
21840.051270	-114.529053
21845.434570	-113.903542
21850.817871	-114.151955
21856.201172	-112.785637
21861.584473	-117.504715
21866.967773	-115.318222
21872.351074	-116.071266
21877.734375	-115.703789
21883.117676	-113.211433
21888.500977	-113.057800
21893.884277	-115.682953
21899.267578	-112.530357
21904.650879	-114.833832
21910.034180	-112.629837
21915.417480	-108.491203
21920.800781	-111.152130
21926.184082	-113.106979
21931.567383	-119.542725
21936.950684	-114.398453
21942.333984	-109.302246
21947.717285	-117.511887
21953.100586	-109.787201
21958.483887	-112.144989
21963.867188	-119.097290
21969.250488	-115.598152
21974.633789	-113.650932
21980.017090	-114.220764
21985.400391	-115.917145
21990.783691	-112.027367
21996.166992	-109.763252
22001.550293	-111.167938
22006.933594	-111.504051
22012.316895	-113.764740
22017.700195	-116.900063
22023.083496	-115.923767
22028.466797	-114.207359
22033.850098	-120.886765
22039.233398	-113.871094
22044.616699	-114.074226
