Frequency (Hz)	Level (dB)
5.383301	-67.775642
10.766602	-71.600578
16.149902	-76.775597
21.533203	-86.821587
26.916504	-78.000259
32.299805	-78.937912
37.683105	-85.484612
43.066406	-88.744408
48.449707	-92.728722
53.833008	-92.677689
59.216309	-92.512878
64.599609	-91.803215
69.982910	-93.167953
75.366211	-92.909225
80.749512	-94.961899
86.132812	-96.614578
91.516113	-96.755051
96.899414	-93.363205
102.282715	-92.836899
107.666016	-93.336166
113.049316	-93.963455
118.432617	-94.216179
123.815918	-92.373680
129.199219	-93.689743
134.582520	-94.267624
139.965820	-92.428673
145.349121	-92.042175
150.732422	-92.629417
156.115723	-92.726570
161.499023	-91.469635
166.882324	-93.932297
172.265625	-94.030510
177.648926	-93.417877
183.032227	-94.209785
188.415527	-92.469894
193.798828	-81.654823
199.182129	-71.362587
204.565430	-73.042923
209.948730	-88.437721
215.332031	-90.415764
220.715332	-84.854218
226.098633	-82.259750
231.481934	-81.744385
236.865234	-65.680656
242.248535	-60.450775
247.631836	-66.841194
253.015137	-89.489548
258.398438	-92.465508
263.781738	-91.961098
269.165039	-91.740707
274.548340	-94.203392
279.931641	-93.509888
285.314941	-92.148399
290.698242	-93.398148
296.081543	-92.606255
301.464844	-92.949600
306.848145	-94.957230
312.231445	-97.073730
317.614746	-95.302223
322.998047	-96.020737
328.381348	-96.944000
333.764648	-96.264526
339.147949	-93.415741
344.531250	-93.448662
349.914551	-93.826080
355.297852	-96.154869
360.681152	-94.994156
366.064453	-93.456459
371.447754	-92.472435
376.831055	-92.299149
382.214355	-91.560242
387.597656	-91.731697
392.980957	-91.344360
398.364258	-87.083076
403.747559	-87.057198
409.130859	-78.791435
414.514160	-77.246521
419.897461	-71.905563
425.280762	-65.580887
430.664062	-56.188396
436.047363	-35.609264
441.430664	-25.538076
446.813965	-27.554499
452.197266	-44.513187
457.580566	-59.564651
462.963867	-68.120941
468.347168	-73.453270
473.730469	-78.881752
479.113770	-79.769516
484.497070	-80.909187
489.880371	-83.330948
495.263672	-86.455856
500.646973	-88.546730
506.030273	-89.064972
511.413574	-88.886978
516.796875	-89.869270
522.180176	-90.057297
527.563477	-91.593773
532.946777	-91.980659
538.330078	-93.205795
543.713379	-93.184067
549.096680	-92.021011
554.479980	-88.903427
559.863281	-88.907509
565.246582	-90.220810
570.629883	-90.569412
576.013184	-93.074043
581.396484	-89.320244
586.779785	-87.216759
592.163086	-87.987473
597.546387	-88.023148
602.929688	-87.443039
608.312988	-86.004448
613.696289	-85.644356
619.079590	-85.105217
624.462891	-84.615883
629.846191	-79.965775
635.229492	-76.358109
640.612793	-69.678917
645.996094	-68.185074
651.379395	-76.226120
656.762695	-77.778152
662.145996	-73.286713
667.529297	-73.412331
672.912598	-68.754501
678.295898	-48.725521
683.679199	-39.183273
689.062500	-41.259666
694.445801	-57.619293
699.829102	-70.849159
705.212402	-73.138184
710.595703	-71.876846
715.979004	-74.445694
721.362305	-76.561501
726.745605	-78.046150
732.128906	-78.529816
737.512207	-78.330139
742.895508	-78.482315
748.278809	-78.720581
753.662109	-79.486160
759.045410	-78.242798
764.428711	-78.514732
769.812012	-80.052750
775.195312	-80.648125
780.578613	-80.423515
785.961914	-82.442490
791.345215	-83.085495
796.728516	-81.504234
802.111816	-81.568138
807.495117	-83.434258
812.878418	-83.209854
818.261719	-80.430923
823.645020	-79.627151
829.028320	-78.270706
834.411621	-78.355927
839.794922	-72.601593
845.178223	-72.224861
850.561523	-70.004959
855.944824	-65.951958
861.328125	-64.079811
866.711426	-61.951820
872.094727	-49.957500
877.478027	-33.704948
882.861328	-22.483559
888.244629	-21.158045
893.627930	-31.201027
899.011230	-52.816917
904.394531	-62.459763
909.777832	-67.782654
915.161133	-70.967453
920.544434	-70.760475
925.927734	-67.629311
931.311035	-69.866302
936.694336	-75.231125
942.077637	-75.241486
947.460938	-73.828560
952.844238	-75.121445
958.227539	-76.066483
963.610840	-74.867279
968.994141	-74.036118
974.377441	-76.231445
979.760742	-76.777794
985.144043	-76.581642
990.527344	-75.372826
995.910645	-74.665634
1001.293945	-74.383247
1006.677246	-75.082451
1012.060547	-75.036011
1017.443848	-76.767815
1022.827148	-77.140236
1028.210449	-75.661232
1033.593750	-75.933838
1038.977051	-77.365395
1044.360352	-77.940239
1049.743652	-78.095863
1055.126953	-79.686211
1060.510254	-78.822647
1065.893555	-77.964218
1071.276855	-78.343529
1076.660156	-74.479317
1082.043457	-66.058495
1087.426758	-61.914303
1092.810059	-66.410217
1098.193359	-70.786392
1103.576660	-68.212700
1108.959961	-65.110428
1114.343262	-66.315559
1119.726562	-59.644409
1125.109863	-48.077549
1130.493164	-47.159805
1135.876465	-57.418674
1141.259766	-74.030708
1146.643066	-75.209053
1152.026367	-74.645142
1157.409668	-73.700378
1162.792969	-75.044731
1168.176270	-75.713722
1173.559570	-76.172165
1178.942871	-73.590576
1184.326172	-73.196823
1189.709473	-74.492683
1195.092773	-74.482880
1200.476074	-74.100586
1205.859375	-75.248619
1211.242676	-75.705910
1216.625977	-75.830841
1222.009277	-76.107986
1227.392578	-78.366974
1232.775879	-79.799110
1238.159180	-79.234283
1243.542480	-78.233887
1248.925781	-78.089088
1254.309082	-75.910919
1259.692383	-74.396217
1265.075684	-73.777351
1270.458984	-74.488708
1275.842285	-75.118744
1281.225586	-75.836250
1286.608887	-72.226120
1291.992188	-73.182671
1297.375488	-70.400299
1302.758789	-70.386154
1308.142090	-64.965790
1313.525391	-51.768166
1318.908691	-37.599304
1324.291992	-29.348555
1329.675293	-25.333017
1335.058594	-29.923840
1340.441895	-49.596340
1345.825195	-64.180336
1351.208496	-68.305565
1356.591797	-70.889908
1361.975098	-70.948639
1367.358398	-65.372513
1372.741699	-64.669930
1378.125000	-73.525887
1383.508301	-77.048920
1388.891602	-76.608154
1394.274902	-76.830200
1399.658203	-76.617851
1405.041504	-74.892807
1410.424805	-74.570091
1415.808105	-75.156624
1421.191406	-76.628479
1426.574707	-75.785690
1431.958008	-73.347198
1437.341309	-70.616081
1442.724609	-70.201385
1448.107910	-72.045113
1453.491211	-71.543884
1458.874512	-71.461967
1464.257812	-73.909561
1469.641113	-75.164001
1475.024414	-73.595711
1480.407715	-73.299393
1485.791016	-73.207878
1491.174316	-73.787971
1496.557617	-74.134880
1501.940918	-74.394493
1507.324219	-74.781509
1512.707520	-75.020432
1518.090820	-72.499016
1523.474121	-70.729095
1528.857422	-68.472305
1534.240723	-68.714767
1539.624023	-70.339600
1545.007324	-69.677658
1550.390625	-65.407402
1555.773926	-64.394394
1561.157227	-66.453575
1566.540527	-60.300060
1571.923828	-57.034210
1577.307129	-61.418388
1582.690430	-69.411430
1588.073730	-69.171227
1593.457031	-67.381165
1598.840332	-65.968224
1604.223633	-66.939476
1609.606934	-69.319527
1614.990234	-69.639091
1620.373535	-69.913055
1625.756836	-69.423523
1631.140137	-71.209084
1636.523438	-70.237297
1641.906738	-70.917702
1647.290039	-71.594818
1652.673340	-72.143402
1658.056641	-72.057350
1663.439941	-73.589226
1668.823242	-74.423782
1674.206543	-75.260399
1679.589844	-74.417458
1684.973145	-72.940704
1690.356445	-73.034645
1695.739746	-73.767166
1701.123047	-73.752235
1706.506348	-74.004951
1711.889648	-73.073753
1717.272949	-73.832085
1722.656250	-74.186005
1728.039551	-72.046570
1733.422852	-73.369591
1738.806152	-73.048759
1744.189453	-71.768410
1749.572754	-68.493027
1754.956055	-58.086761
1760.339355	-44.472542
1765.722656	-38.629490
1771.105957	-35.324051
1776.489258	-37.637951
1781.872559	-49.625717
1787.255859	-69.684700
1792.639160	-74.122963
1798.022461	-78.327812
1803.405762	-79.153831
1808.789062	-73.774078
1814.172363	-70.915596
1819.555664	-75.901779
1824.938965	-82.700974
1830.322266	-82.598038
1835.705566	-79.931213
1841.088867	-79.133163
1846.472168	-80.133217
1851.855469	-81.717690
1857.238770	-80.203415
1862.622070	-78.396324
1868.005371	-78.142250
1873.388672	-76.204399
1878.771973	-76.061836
1884.155273	-75.375023
1889.538574	-75.541855
1894.921875	-72.970100
1900.305176	-74.081825
1905.688477	-77.502975
1911.071777	-73.474220
1916.455078	-68.897629
1921.838379	-70.765930
1927.221680	-72.081604
1932.604980	-72.036140
1937.988281	-71.124313
1943.371582	-69.656906
1948.754883	-69.429932
1954.138184	-69.865356
1959.521484	-67.689796
1964.904785	-65.940681
1970.288086	-67.010544
1975.671387	-68.316406
1981.054688	-68.613922
1986.437988	-68.719009
1991.821289	-70.834946
1997.204590	-70.856956
2002.587891	-72.598396
2007.971191	-67.829613
2013.354492	-63.964882
2018.737793	-65.756912
2024.121094	-72.368629
2029.504395	-75.088310
2034.887695	-74.370293
2040.270996	-72.116302
2045.654297	-71.432709
2051.037598	-71.665466
2056.420898	-71.971626
2061.804199	-72.873894
2067.187500	-71.911644
2072.570801	-73.376350
2077.954102	-74.035912
2083.337402	-74.381660
2088.720703	-75.381828
2094.104004	-74.985100
2099.487305	-75.026764
2104.870605	-74.025314
2110.253906	-75.146187
2115.637207	-76.433647
2121.020508	-75.101234
2126.403809	-75.163513
2131.787109	-74.940010
2137.170410	-74.727615
2142.553711	-74.509911
2147.937012	-74.218628
2153.320312	-75.331871
2158.703613	-74.862732
2164.086914	-73.993370
2169.470215	-73.249016
2174.853516	-75.716698
2180.236816	-68.031914
2185.620117	-70.004906
2191.003418	-63.730350
2196.386719	-49.783894
2201.770020	-38.592548
2207.153320	-34.941544
2212.536621	-32.794525
2217.919922	-32.936314
2223.303223	-39.792110
2228.686523	-57.813995
2234.069824	-62.433327
2239.453125	-67.016907
2244.836426	-67.389977
2250.219727	-66.875572
2255.603027	-65.564407
2260.986328	-68.767433
2266.369629	-70.086708
2271.752930	-70.621986
2277.136230	-71.884430
2282.519531	-70.559296
2287.902832	-69.857040
2293.286133	-71.524185
2298.669434	-72.018684
2304.052734	-70.629967
2309.436035	-69.735260
2314.819336	-68.786942
2320.202637	-69.399483
2325.585938	-70.472542
2330.969238	-70.958580
2336.352539	-68.199623
2341.735840	-69.178444
2347.119141	-71.302368
2352.502441	-70.610687
2357.885742	-69.174713
2363.269043	-69.005386
2368.652344	-70.077660
2374.035645	-68.690285
2379.418945	-68.777550
2384.802246	-68.564583
2390.185547	-68.684258
2395.568848	-69.950630
2400.952148	-69.058174
2406.335449	-68.783264
2411.718750	-69.121445
2417.102051	-70.112518
2422.485352	-69.080978
2427.868652	-68.030312
2433.251953	-68.803032
2438.635254	-66.638626
2444.018555	-66.997421
2449.401855	-66.779869
2454.785156	-66.117332
2460.168457	-67.579025
2465.551758	-69.808167
2470.935059	-70.541389
2476.318359	-68.717873
2481.701660	-67.588112
2487.084961	-68.541580
2492.468262	-69.700333
2497.851562	-70.558624
2503.234863	-71.363930
2508.618164	-69.298935
2514.001465	-70.197014
2519.384766	-71.956619
2524.768066	-71.055946
2530.151367	-71.091400
2535.534668	-72.288910
2540.917969	-71.728569
2546.301270	-70.923569
2551.684570	-70.028175
2557.067871	-72.441422
2562.451172	-73.569481
2567.834473	-73.120171
2573.217773	-72.837807
2578.601074	-71.756889
2583.984375	-72.179993
2589.367676	-72.231087
2594.750977	-72.806587
2600.134277	-73.090782
2605.517578	-72.963867
2610.900879	-72.546638
2616.284180	-74.189140
2621.667480	-67.434364
2627.050781	-67.459862
2632.434082	-64.823776
2637.817383	-53.973778
2643.200684	-43.022518
2648.583984	-39.997047
2653.967285	-37.337070
2659.350586	-36.336960
2664.733887	-39.966152
2670.117188	-53.330166
2675.500488	-65.634026
2680.883789	-70.783890
2686.267090	-73.469360
2691.650391	-70.640144
2697.033691	-70.706711
2702.416992	-70.882950
2707.800293	-72.030548
2713.183594	-71.831787
2718.566895	-72.675636
2723.950195	-73.711327
2729.333496	-73.111336
2734.716797	-72.415573
2740.100098	-73.487816
2745.483398	-71.944229
2750.866699	-71.278221
2756.250000	-71.916481
2761.633301	-70.776611
2767.016602	-70.153503
2772.399902	-71.680077
2777.783203	-72.500793
2783.166504	-71.400673
2788.549805	-71.776138
2793.933105	-72.779968
2799.316406	-73.485016
2804.699707	-73.172180
2810.083008	-71.941216
2815.466309	-71.556351
2820.849609	-71.435570
2826.232910	-72.199135
2831.616211	-72.615242
2836.999512	-71.848930
2842.382812	-72.214806
2847.766113	-71.352974
2853.149414	-70.207573
2858.532715	-70.735168
2863.916016	-70.976357
2869.299316	-68.990395
2874.682617	-68.904594
2880.065918	-66.980537
2885.449219	-64.719353
2890.832520	-66.335197
2896.215820	-68.357475
2901.599121	-69.736633
2906.982422	-70.536789
2912.365723	-71.647072
2917.749023	-70.873268
2923.132324	-71.455879
2928.515625	-71.086830
2933.898926	-71.873550
2939.282227	-73.718369
2944.665527	-74.408157
2950.048828	-70.461739
2955.432129	-68.513405
2960.815430	-71.431877
2966.198730	-71.454849
2971.582031	-69.787567
2976.965332	-71.997482
2982.348633	-73.242546
2987.731934	-71.480934
2993.115234	-72.676468
2998.498535	-70.751221
3003.881836	-73.811569
3009.265137	-77.154640
3014.648438	-75.278091
3020.031738	-73.514229
3025.415039	-71.649345
3030.798340	-74.208847
3036.181641	-73.159378
3041.564941	-74.503380
3046.948242	-74.168579
3052.331543	-72.571220
3057.714844	-71.909218
3063.098145	-70.603279
3068.481445	-67.877304
3073.864746	-66.674500
3079.248047	-62.152557
3084.631348	-51.472565
3090.014648	-47.712105
3095.397949	-42.753506
3100.781250	-40.224056
3106.164551	-41.599182
3111.547852	-49.164131
3116.931152	-65.621605
3122.314453	-71.207573
3127.697754	-70.514877
3133.081055	-71.204277
3138.464355	-72.633827
3143.847656	-70.524086
3149.230957	-70.326019
3154.614258	-71.833893
3159.997559	-72.984787
3165.380859	-71.104668
3170.764160	-72.569618
3176.147461	-74.062576
3181.530762	-73.535896
3186.914062	-73.072433
3192.297363	-72.630341
3197.680664	-72.861557
3203.063965	-73.137726
3208.447266	-73.449303
3213.830566	-73.697205
3219.213867	-74.314369
3224.597168	-72.747375
3229.980469	-72.292412
3235.363770	-72.132462
3240.747070	-69.624306
3246.130371	-70.075760
3251.513672	-73.266663
3256.896973	-71.450829
3262.280273	-69.990044
3267.663574	-69.249023
3273.046875	-69.325317
3278.430176	-71.444756
3283.813477	-73.834236
3289.196777	-74.441010
3294.580078	-71.539429
3299.963379	-70.005615
3305.346680	-69.984856
3310.729980	-70.551865
3316.113281	-71.323730
3321.496582	-70.502220
3326.879883	-69.372787
3332.263184	-69.947945
3337.646484	-71.008408
3343.029785	-70.406769
3348.413086	-70.522903
3353.796387	-73.026749
3359.179688	-73.613358
3364.562988	-74.919159
3369.946289	-73.418999
3375.329590	-73.008537
3380.712891	-73.351608
3386.096191	-72.140518
3391.479492	-70.200897
3396.862793	-70.895042
3402.246094	-73.969643
3407.629395	-74.797012
3413.012695	-74.170486
3418.395996	-73.459686
3423.779297	-74.164513
3429.162598	-74.653038
3434.545898	-75.867981
3439.929199	-73.165352
3445.312500	-73.591148
3450.695801	-75.417923
3456.079102	-73.999352
3461.462402	-74.891899
3466.845703	-76.430763
3472.229004	-74.343292
3477.612305	-75.187767
3482.995605	-75.870941
3488.378906	-75.446899
3493.762207	-73.741829
3499.145508	-72.464218
3504.528809	-72.823212
3509.912109	-73.396141
3515.295410	-67.429054
3520.678711	-55.870693
3526.062012	-48.029839
3531.445312	-47.654839
3536.828613	-47.806995
3542.211914	-45.746799
3547.595215	-43.725517
3552.978516	-46.516701
3558.361816	-60.238449
3563.745117	-72.698257
3569.128418	-74.143486
3574.511719	-74.741302
3579.895020	-74.572945
3585.278320	-72.775253
3590.661621	-72.685654
3596.044922	-73.736481
3601.428223	-74.991615
3606.811523	-75.085045
3612.194824	-76.936615
3617.578125	-77.053062
3622.961426	-77.101242
3628.344727	-78.442001
3633.728027	-77.417778
3639.111328	-77.801628
3644.494629	-77.645866
3649.877930	-76.170189
3655.261230	-78.364670
3660.644531	-77.071556
3666.027832	-76.042313
3671.411133	-76.204475
3676.794434	-77.427971
3682.177734	-79.275826
3687.561035	-77.916145
3692.944336	-78.980934
3698.327637	-78.622322
3703.710938	-76.912773
3709.094238	-75.388176
3714.477539	-75.714340
3719.860840	-77.012527
3725.244141	-79.200943
3730.627441	-78.885170
3736.010742	-77.074486
3741.394043	-76.824760
3746.777344	-77.817886
3752.160645	-75.849159
3757.543945	-74.709709
3762.927246	-73.034996
3768.310547	-71.064102
3773.693848	-70.855560
3779.077148	-73.291786
3784.460449	-74.684013
3789.843750	-75.996857
3795.227051	-76.757477
3800.610352	-78.222397
3805.993652	-78.807404
3811.376953	-77.330635
3816.760254	-74.731606
3822.143555	-76.421608
3827.526855	-77.742767
3832.910156	-78.851959
3838.293457	-76.730026
3843.676758	-75.839302
3849.060059	-76.068108
3854.443359	-75.776253
3859.826660	-76.820114
3865.209961	-77.010803
3870.593262	-77.352097
3875.976562	-79.376053
3881.359863	-81.213478
3886.743164	-81.533386
3892.126465	-81.715584
3897.509766	-81.501205
3902.893066	-81.691475
3908.276367	-82.531113
3913.659668	-82.589676
3919.042969	-80.713348
3924.426270	-82.107903
3929.809570	-81.498856
3935.192871	-79.095734
3940.576172	-81.754105
3945.959473	-79.716515
3951.342773	-77.197655
3956.726074	-69.744827
3962.109375	-58.909161
3967.492676	-52.412998
3972.875977	-53.176708
3978.259277	-52.314358
3983.642578	-50.530529
3989.025879	-50.563103
3994.409180	-53.998817
3999.792480	-64.244965
4005.175781	-76.937500
4010.559082	-78.008072
4015.942383	-80.110207
4021.325684	-78.977730
4026.708984	-81.007927
4032.092285	-81.879105
4037.475586	-84.964302
4042.858887	-86.677261
4048.242188	-86.948723
4053.625488	-86.169044
4059.008789	-88.015976
4064.392090	-87.680756
4069.775391	-87.788429
4075.158691	-87.974998
4080.541992	-87.087776
4085.925293	-87.098579
4091.308594	-87.154907
4096.691895	-87.632217
4102.075195	-87.804825
4107.458496	-86.257912
4112.841797	-87.464851
4118.225098	-86.449333
4123.608398	-84.691757
4128.991699	-85.901756
4134.375000	-89.622345
4139.758301	-89.299675
4145.141602	-88.610443
4150.524902	-87.129997
4155.908203	-85.822426
4161.291504	-89.021332
4166.674805	-87.460312
4172.058105	-89.192955
4177.441406	-90.487885
4182.824707	-91.378792
4188.208008	-89.287384
4193.591309	-86.176712
4198.974609	-85.276047
4204.357910	-87.350433
4209.741211	-85.446182
4215.124512	-85.397255
4220.507812	-87.432472
4225.891113	-86.566269
4231.274414	-87.045631
4236.657715	-88.752403
4242.041016	-89.631302
4247.424316	-88.805458
4252.807617	-87.987572
4258.190918	-88.334846
4263.574219	-87.334160
4268.957520	-86.729462
4274.340820	-86.962357
4279.724121	-88.814270
4285.107422	-87.289719
4290.490723	-87.059105
4295.874023	-84.804359
4301.257324	-84.528481
4306.640625	-85.868057
4312.023926	-85.787308
4317.407227	-87.729645
4322.790527	-87.746857
4328.173828	-86.661011
4333.557129	-89.140305
4338.940430	-88.599129
4344.323730	-90.735664
4349.707031	-90.203560
4355.090332	-88.075287
4360.473633	-87.975456
4365.856934	-89.030617
4371.240234	-86.299736
4376.623535	-83.351845
4382.006836	-85.827515
4387.390137	-87.776344
4392.773438	-81.346352
4398.156738	-72.960579
4403.540039	-62.351757
4408.923340	-56.945736
4414.306641	-59.041336
4419.689941	-59.989388
4425.073242	-58.038143
4430.456543	-55.378811
4435.839844	-54.887089
4441.223145	-59.249920
4446.606445	-72.778458
4451.989746	-80.382912
4457.373047	-82.520065
4462.756348	-84.000885
4468.139648	-84.927986
4473.522949	-84.333641
4478.906250	-85.137314
4484.289551	-87.793304
4489.672852	-91.221352
4495.056152	-87.707039
4500.439453	-89.292076
4505.822754	-91.083618
4511.206055	-88.128799
4516.589355	-86.992363
4521.972656	-86.912270
4527.355957	-88.554901
4532.739258	-88.352867
4538.122559	-89.837036
4543.505859	-87.160423
4548.889160	-84.913330
4554.272461	-85.419060
4559.655762	-84.148048
4565.039062	-84.044502
4570.422363	-84.140991
4575.805664	-86.471390
4581.188965	-87.173630
4586.572266	-84.605469
4591.955566	-83.180511
4597.338867	-82.713005
4602.722168	-81.858940
4608.105469	-82.778282
4613.488770	-84.087143
4618.872070	-82.349266
4624.255371	-84.314545
4629.638672	-82.503456
4635.021973	-81.779938
4640.405273	-83.109535
4645.788574	-83.064011
4651.171875	-80.837463
4656.555176	-80.688759
4661.938477	-81.686523
4667.321777	-82.716499
4672.705078	-82.392181
4678.088379	-82.423378
4683.471680	-83.849503
4688.854980	-81.904831
4694.238281	-82.944809
4699.621582	-82.374405
4705.004883	-82.402489
4710.388184	-84.207802
4715.771484	-83.183884
4721.154785	-83.180862
4726.538086	-84.972710
4731.921387	-86.594299
4737.304688	-88.312622
4742.687988	-87.959824
4748.071289	-88.358269
4753.454590	-88.849968
4758.837891	-89.194466
4764.221191	-87.760674
4769.604492	-88.462753
4774.987793	-89.381088
4780.371094	-90.054901
4785.754395	-89.912254
4791.137695	-92.810905
4796.520996	-86.993286
4801.904297	-88.397720
4807.287598	-88.298210
4812.670898	-89.202934
4818.054199	-87.164352
4823.437500	-87.520157
4828.820801	-84.831551
4834.204102	-81.345184
4839.587402	-74.392342
4844.970703	-67.318222
4850.354004	-62.808170
4855.737305	-65.216461
4861.120605	-67.334793
4866.503906	-68.106110
4871.887207	-64.594666
4877.270508	-58.912254
4882.653809	-58.513004
4888.037109	-67.204819
4893.420410	-81.713524
4898.803711	-85.175110
4904.187012	-86.983284
4909.570312	-88.280342
4914.953613	-88.883286
4920.336914	-88.162819
4925.720215	-87.652435
4931.103516	-89.967293
4936.486816	-89.631752
4941.870117	-88.481590
4947.253418	-88.823715
4952.636719	-89.471741
4958.020020	-90.881760
4963.403320	-90.298973
4968.786621	-89.786148
4974.169922	-88.035248
4979.553223	-87.690651
4984.936523	-87.405968
4990.319824	-84.935860
4995.703125	-85.096649
5001.086426	-86.600159
5006.469727	-87.182610
5011.853027	-87.642334
5017.236328	-87.501183
5022.619629	-88.796753
5028.002930	-88.590080
5033.386230	-85.577805
5038.769531	-85.766762
5044.152832	-87.174858
5049.536133	-88.651237
5054.919434	-87.967415
5060.302734	-86.828102
5065.686035	-88.898727
5071.069336	-86.887627
5076.452637	-85.365501
5081.835938	-82.981674
5087.219238	-84.500198
5092.602539	-83.424171
5097.985840	-82.885765
5103.369141	-81.696289
5108.752441	-81.739532
5114.135742	-83.750549
5119.519043	-83.556900
5124.902344	-83.437210
5130.285645	-83.065224
5135.668945	-82.230682
5141.052246	-83.298729
5146.435547	-81.168983
5151.818848	-81.427856
5157.202148	-82.455467
5162.585449	-83.392693
5167.968750	-83.267097
5173.352051	-81.608620
5178.735352	-81.876457
5184.118652	-81.705589
5189.501953	-82.070625
5194.885254	-81.208649
5200.268555	-82.451424
5205.651855	-84.249306
5211.035156	-82.768692
5216.418457	-85.507149
5221.801758	-85.850517
5227.185059	-85.554207
5232.568359	-86.156555
5237.951660	-85.576302
5243.334961	-86.284630
5248.718262	-85.261230
5254.101562	-86.161041
5259.484863	-83.148422
5264.868164	-83.663048
5270.251465	-83.059418
5275.634766	-80.116547
5281.018066	-75.086159
5286.401367	-69.759720
5291.784668	-67.441040
5297.167969	-72.768425
5302.551270	-70.927811
5307.934570	-70.547058
5313.317871	-64.893753
5318.701172	-61.832172
5324.084473	-61.937565
5329.467773	-68.175705
5334.851074	-80.974045
5340.234375	-83.502716
5345.617676	-86.070419
5351.000977	-84.653214
5356.384277	-85.708214
5361.767578	-85.304947
5367.150879	-86.784920
5372.534180	-88.245102
5377.917480	-87.040405
5383.300781	-85.636116
5388.684082	-87.847397
5394.067383	-85.334984
5399.450684	-85.718063
5404.833984	-86.217926
5410.217285	-87.553978
5415.600586	-86.488861
5420.983887	-86.820564
5426.367188	-85.078957
5431.750488	-82.660957
5437.133789	-83.326424
5442.517090	-83.001724
5447.900391	-82.444336
5453.283691	-82.143616
5458.666992	-83.889030
5464.050293	-86.162369
5469.433594	-83.582199
5474.816895	-83.194260
5480.200195	-83.752113
5485.583496	-83.953079
5490.966797	-83.576302
5496.350098	-83.407166
5501.733398	-86.620346
5507.116699	-86.914436
5512.500000	-84.841263
5517.883301	-85.364532
5523.266602	-86.235153
5528.649902	-87.167419
5534.033203	-85.667732
5539.416504	-85.148941
5544.799805	-84.266624
5550.183105	-83.827179
5555.566406	-86.103951
5560.949707	-87.834679
5566.333008	-87.865257
5571.716309	-87.631477
5577.099609	-88.032280
5582.482910	-87.260445
5587.866211	-87.379242
5593.249512	-87.181328
5598.632812	-87.317085
5604.016113	-85.952835
5609.399414	-87.761528
5614.782715	-88.220505
5620.166016	-88.609978
5625.549316	-88.265221
5630.932617	-86.342934
5636.315918	-87.436943
5641.699219	-86.444130
5647.082520	-84.715912
5652.465820	-84.566704
5657.849121	-84.342728
5663.232422	-86.533028
5668.615723	-85.932564
5673.999023	-88.900223
5679.382324	-86.483337
5684.765625	-87.262276
5690.148926	-87.154076
5695.532227	-86.916687
5700.915527	-87.126717
5706.298828	-85.919212
5711.682129	-85.609032
5717.065430	-82.118507
5722.448730	-75.804779
5727.832031	-70.674370
5733.215332	-71.373993
5738.598633	-82.065430
5743.981934	-73.847580
5749.365234	-74.222580
5754.748535	-68.771255
5760.131836	-64.825096
5765.515137	-63.680962
5770.898438	-65.453316
5776.281738	-75.082367
5781.665039	-82.704994
5787.048340	-84.294746
5792.431641	-83.566193
5797.814941	-87.023064
5803.198242	-84.832924
5808.581543	-81.593643
5813.964844	-82.612450
5819.348145	-85.932640
5824.731445	-82.167633
5830.114746	-84.561050
5835.498047	-82.639267
5840.881348	-81.562790
5846.264648	-82.456543
5851.647949	-81.717361
5857.031250	-81.770844
5862.414551	-81.184189
5867.797852	-83.021782
5873.181152	-81.315414
5878.564453	-78.492462
5883.947754	-80.290901
5889.331055	-81.418297
5894.714355	-81.159592
5900.097656	-80.348236
5905.480957	-82.262558
5910.864258	-83.342834
5916.247559	-81.058022
5921.630859	-80.365692
5927.014160	-81.019890
5932.397461	-80.409584
5937.780762	-80.783249
5943.164062	-81.430305
5948.547363	-82.054390
5953.930664	-81.599083
5959.313965	-79.565071
5964.697266	-79.701767
5970.080566	-81.190254
5975.463867	-77.956612
5980.847168	-78.083443
5986.230469	-78.714798
5991.613770	-79.281754
5996.997070	-79.705467
6002.380371	-79.434662
6007.763672	-79.546936
6013.146973	-79.565025
6018.530273	-79.616776
6023.913574	-81.945580
6029.296875	-79.478958
6034.680176	-79.661598
6040.063477	-80.867554
6045.446777	-81.621170
6050.830078	-82.897034
6056.213379	-83.945923
6061.596680	-82.353386
6066.979980	-80.803185
6072.363281	-79.860878
6077.746582	-79.656410
6083.129883	-80.835518
6088.513184	-83.072556
6093.896484	-82.700218
6099.279785	-83.317528
6104.663086	-84.179634
6110.046387	-83.220978
6115.429688	-83.714653
6120.812988	-82.919739
6126.196289	-82.632851
6131.579590	-83.833374
6136.962891	-83.169762
6142.346191	-82.342979
6147.729492	-82.543251
6153.112793	-85.786819
6158.496094	-81.128067
6163.879395	-71.468887
6169.262695	-64.791214
6174.645996	-64.792450
6180.029297	-70.927818
6185.412598	-66.164833
6190.795898	-64.656990
6196.179199	-64.442528
6201.562500	-63.654976
6206.945801	-63.975803
6212.329102	-62.279663
6217.712402	-67.769218
6223.095703	-79.879478
6228.479004	-85.256805
6233.862305	-83.019684
6239.245605	-85.042374
6244.628906	-83.167717
6250.012207	-84.262733
6255.395508	-84.529442
6260.778809	-85.517876
6266.162109	-83.156898
6271.545410	-84.511215
6276.928711	-83.731949
6282.312012	-83.634903
6287.695312	-85.302231
6293.078613	-83.849815
6298.461914	-82.661003
6303.845215	-81.703796
6309.228516	-81.631187
6314.611816	-81.594574
6319.995117	-79.738251
6325.378418	-79.990135
6330.761719	-80.609680
6336.145020	-80.254196
6341.528320	-79.083466
6346.911621	-80.547409
6352.294922	-81.003761
6357.678223	-79.446045
6363.061523	-77.366798
6368.444824	-76.544464
6373.828125	-77.828239
6379.211426	-80.442612
6384.594727	-79.747208
6389.978027	-78.950661
6395.361328	-78.169800
6400.744629	-76.556015
6406.127930	-77.205650
6411.511230	-76.048096
6416.894531	-73.998398
6422.277832	-76.425117
6427.661133	-75.966972
6433.044434	-76.651085
6438.427734	-77.366776
6443.811035	-77.916870
6449.194336	-79.595528
6454.577637	-79.923393
6459.960938	-80.252716
6465.344238	-80.465103
6470.727539	-80.312119
6476.110840	-79.824059
6481.494141	-81.204491
6486.877441	-83.304596
6492.260742	-83.759308
6497.644043	-82.931511
6503.027344	-81.285133
6508.410645	-81.049042
6513.793945	-81.317421
6519.177246	-82.546783
6524.560547	-80.432869
6529.943848	-81.457031
6535.327148	-83.216446
6540.710449	-81.774048
6546.093750	-80.069809
6551.477051	-81.357544
6556.860352	-80.696823
6562.243652	-79.602745
6567.626953	-78.487358
6573.010254	-78.712898
6578.393555	-76.648621
6583.776855	-78.853592
6589.160156	-76.363487
6594.543457	-77.188095
6599.926758	-74.620079
6605.310059	-66.388626
6610.693359	-59.932293
6616.076660	-59.642525
6621.459961	-63.455772
6626.843262	-58.509659
6632.226562	-55.904121
6637.609863	-55.821644
6642.993164	-54.828938
6648.376465	-55.161079
6653.759766	-53.170574
6659.143066	-55.176662
6664.526367	-66.000191
6669.909668	-75.308578
6675.292969	-77.846107
6680.676270	-77.351547
6686.059570	-77.726135
6691.442871	-78.460060
6696.826172	-80.460617
6702.209473	-80.015373
6707.592773	-78.721062
6712.976074	-76.906929
6718.359375	-78.969566
6723.742676	-77.673225
6729.125977	-78.812553
6734.509277	-80.091515
6739.892578	-78.606361
6745.275879	-77.449852
6750.659180	-78.240791
6756.042480	-80.429192
6761.425781	-78.994881
6766.809082	-77.781990
6772.192383	-75.736824
6777.575684	-75.447021
6782.958984	-78.573158
6788.342285	-80.956459
6793.725586	-77.195282
6799.108887	-75.438286
6804.492188	-76.694908
6809.875488	-75.573517
6815.258789	-77.608406
6820.642090	-78.302078
6826.025391	-78.185387
6831.408691	-78.612091
6836.791992	-80.554039
6842.175293	-80.120583
6847.558594	-79.933235
6852.941895	-78.863792
6858.325195	-77.665436
6863.708496	-75.340874
6869.091797	-74.279602
6874.475098	-74.226608
6879.858398	-74.643837
6885.241699	-76.619347
6890.625000	-79.204758
6896.008301	-79.647850
6901.391602	-78.267868
6906.774902	-78.095612
6912.158203	-78.808929
6917.541504	-79.188324
6922.924805	-78.454521
6928.308105	-79.282379
6933.691406	-78.869911
6939.074707	-79.822495
6944.458008	-79.425018
6949.841309	-79.963509
6955.224609	-80.985840
6960.607910	-80.898148
6965.991211	-79.692009
6971.374512	-80.802689
6976.757812	-80.497475
6982.141113	-79.244431
6987.524414	-79.536781
6992.907715	-82.084190
6998.291016	-81.814156
7003.674316	-80.580521
7009.057617	-80.195801
7014.440918	-80.717766
7019.824219	-77.659897
7025.207520	-77.646812
7030.590820	-77.931671
7035.974121	-76.057030
7041.357422	-71.921875
7046.740723	-64.724869
7052.124023	-58.947491
7057.507324	-57.726944
7062.890625	-63.944595
7068.273926	-60.074360
7073.657227	-58.918617
7079.040527	-57.925758
7084.423828	-53.705578
7089.807129	-51.667389
7095.190430	-50.521351
7100.573730	-49.712601
7105.957031	-56.977783
7111.340332	-69.961151
7116.723633	-74.190147
7122.106934	-76.409637
7127.490234	-78.897606
7132.873535	-79.704544
7138.256836	-77.566948
7143.640137	-79.090393
7149.023438	-80.602760
7154.406738	-80.157684
7159.790039	-80.413132
7165.173340	-81.570625
7170.556641	-79.998611
7175.939941	-81.064949
7181.323242	-82.953598
7186.706543	-79.840958
7192.089844	-80.202438
7197.473145	-83.506203
7202.856445	-80.371376
7208.239746	-79.710129
7213.623047	-82.584785
7219.006348	-83.165695
7224.389648	-83.035812
7229.772949	-82.620468
7235.156250	-82.537674
7240.539551	-81.347725
7245.922852	-82.735176
7251.306152	-83.107170
7256.689453	-82.821419
7262.072754	-84.356255
7267.456055	-84.672958
7272.839355	-82.617744
7278.222656	-83.475533
7283.605957	-83.398323
7288.989258	-82.937614
7294.372559	-83.160713
7299.755859	-81.700844
7305.139160	-83.215996
7310.522461	-84.117165
7315.905762	-82.591286
7321.289062	-79.984879
7326.672363	-80.879250
7332.055664	-83.857910
7337.438965	-83.893188
7342.822266	-83.218842
7348.205566	-84.554970
7353.588867	-83.790634
7358.972168	-83.854630
7364.355469	-85.965904
7369.738770	-84.526894
7375.122070	-83.857132
7380.505371	-84.797470
7385.888672	-83.739868
7391.271973	-82.702187
7396.655273	-84.733490
7402.038574	-83.860367
7407.421875	-83.073471
7412.805176	-82.683907
7418.188477	-84.045685
7423.571777	-84.716705
7428.955078	-85.184326
7434.338379	-86.496536
7439.721680	-86.578049
7445.104980	-86.187088
7450.488281	-85.094086
7455.871582	-87.368416
7461.254883	-81.967087
7466.638184	-81.934883
7472.021484	-83.686951
7477.404785	-82.742378
7482.788086	-78.406403
7488.171387	-71.054382
7493.554688	-66.087158
7498.937988	-66.285896
7504.321289	-68.407196
7509.704590	-65.149284
7515.087891	-62.224308
7520.471191	-62.061779
7525.854492	-61.573715
7531.237793	-59.973736
7536.621094	-60.617920
7542.004395	-59.235600
7547.387695	-61.920696
7552.770996	-71.368973
7558.154297	-80.224434
7563.537598	-81.251495
7568.920898	-82.630333
7574.304199	-83.118195
7579.687500	-84.175995
7585.070801	-87.329315
7590.454102	-85.795265
7595.837402	-84.630684
7601.220703	-88.438499
7606.604004	-87.450089
7611.987305	-87.644028
7617.370605	-87.053047
7622.753906	-85.533653
7628.137207	-84.436516
7633.520508	-83.957748
7638.903809	-85.712982
7644.287109	-85.756050
7649.670410	-84.323265
7655.053711	-84.586227
7660.437012	-85.662010
7665.820312	-87.354248
7671.203613	-88.882645
7676.586914	-90.283112
7681.970215	-90.803078
7687.353516	-89.057793
7692.736816	-86.328880
7698.120117	-87.007759
7703.503418	-89.401299
7708.886719	-91.813202
7714.270020	-91.343887
7719.653320	-91.876862
7725.036621	-93.533875
7730.419922	-90.136459
7735.803223	-91.970192
7741.186523	-92.451614
7746.569824	-88.376396
7751.953125	-88.671700
7757.336426	-90.325844
7762.719727	-91.915878
7768.103027	-91.822845
7773.486328	-93.100258
7778.869629	-94.085411
7784.252930	-94.428215
7789.636230	-95.780502
7795.019531	-97.530731
7800.402832	-95.522186
7805.786133	-94.693336
7811.169434	-95.329796
7816.552734	-96.042847
7821.936035	-95.953491
7827.319336	-95.323883
7832.702637	-95.734924
7838.085938	-95.625359
7843.469238	-95.279305
7848.852539	-93.632072
7854.235840	-93.948883
7859.619141	-95.500031
7865.002441	-92.531075
7870.385742	-91.362000
7875.769043	-92.324631
7881.152344	-92.147858
7886.535645	-92.868668
7891.918945	-92.544159
7897.302246	-91.231224
7902.685547	-88.512611
7908.068848	-88.261604
7913.452148	-89.687141
7918.835449	-87.032784
7924.218750	-82.364433
7929.602051	-75.364304
7934.985352	-69.947998
7940.368652	-69.175232
7945.751953	-75.635124
7951.135254	-71.261040
7956.518555	-69.122040
7961.901855	-68.337364
7967.285156	-68.378830
7972.668457	-65.557755
7978.051758	-68.507851
7983.435059	-69.033806
7988.818359	-68.826515
7994.201660	-77.636559
7999.584961	-87.020691
8004.968262	-89.579422
8010.351562	-93.060974
8015.734863	-93.622154
8021.118164	-91.184738
8026.501465	-90.807060
8031.884766	-93.112549
8037.268066	-94.290039
8042.651367	-95.260849
8048.034668	-93.431915
8053.417969	-94.043007
8058.801270	-93.143517
8064.184570	-93.399719
8069.567871	-91.818687
8074.951172	-92.734573
8080.334473	-96.867737
8085.717773	-94.036995
8091.101074	-92.685394
8096.484375	-96.287567
8101.867676	-98.180389
8107.250977	-97.987061
8112.634277	-99.018768
8118.017578	-97.490997
8123.400879	-97.117134
8128.784180	-97.579247
8134.167480	-95.845612
8139.550781	-94.713142
8144.934082	-93.735947
8150.317383	-96.438293
8155.700684	-93.773033
8161.083984	-95.180008
8166.467285	-97.141899
8171.850586	-95.183456
8177.233887	-96.544975
8182.617188	-95.575035
8188.000488	-93.346107
8193.383789	-92.312981
8198.767090	-93.946243
8204.150391	-93.920601
8209.533691	-92.272408
8214.916992	-93.403099
8220.300293	-97.443451
8225.683594	-96.039482
8231.066895	-95.775696
8236.450195	-95.637772
8241.833496	-97.306023
8247.216797	-97.563759
8252.600098	-96.414742
8257.983398	-94.351067
8263.366699	-95.366348
8268.750000	-96.592072
8274.133301	-98.396492
8279.516602	-98.881477
8284.899902	-97.295120
8290.283203	-95.429619
8295.666504	-94.929779
8301.049805	-98.872093
8306.433105	-96.804100
8311.816406	-98.317329
8317.199707	-98.080254
8322.583008	-95.688972
8327.966309	-93.753456
8333.349609	-95.962448
8338.732910	-98.335594
8344.116211	-95.715439
8349.499512	-94.683212
8354.882812	-95.342232
8360.266113	-91.156189
8365.649414	-85.417488
8371.032715	-80.003853
8376.416016	-76.231201
8381.799316	-77.806801
8387.182617	-80.542854
8392.565918	-76.687103
8397.949219	-75.575272
8403.332520	-73.450424
8408.715820	-73.796227
8414.099121	-71.410629
8419.482422	-72.213707
8424.865723	-76.323257
8430.249023	-73.143547
8435.632324	-77.415001
8441.015625	-87.071327
8446.398926	-92.770302
8451.782227	-95.424561
8457.165527	-95.191330
8462.548828	-95.280144
8467.932129	-95.722527
8473.315430	-96.392464
8478.698730	-95.750877
8484.082031	-98.080200
8489.465332	-98.959457
8494.848633	-97.811691
8500.231934	-95.576637
8505.615234	-93.935242
8510.998535	-91.980339
8516.381836	-90.565704
8521.765137	-92.923279
8527.148438	-93.575211
8532.531738	-92.497200
8537.915039	-95.162209
8543.298340	-95.588051
8548.681641	-94.723610
8554.064941	-94.762009
8559.448242	-95.171959
8564.831543	-98.218971
8570.214844	-94.722000
8575.598145	-93.687431
8580.981445	-93.671814
8586.364746	-93.684525
8591.748047	-95.871559
8597.131348	-96.339973
8602.514648	-94.237022
8607.897949	-96.243980
8613.281250	-93.279999
8618.664551	-94.021919
8624.047852	-93.209015
8629.431152	-92.615494
8634.814453	-89.657509
8640.197754	-91.775368
8645.581055	-93.862175
8650.964355	-90.621857
8656.347656	-91.807915
8661.730957	-93.120407
8667.114258	-93.088013
8672.497559	-91.693237
8677.880859	-94.131401
8683.264160	-94.629440
8688.647461	-94.442245
8694.030762	-90.866058
8699.414062	-91.345497
8704.797363	-93.645699
8710.180664	-96.515907
8715.563965	-95.329491
8720.947266	-93.775902
8726.330566	-94.733139
8731.713867	-92.562019
8737.097168	-92.277412
8742.480469	-96.787552
8747.863770	-97.518150
8753.247070	-97.757629
8758.630371	-96.128288
8764.013672	-94.203148
8769.396973	-93.669502
8774.780273	-95.990814
8780.163574	-95.547386
8785.546875	-95.585030
8790.930176	-92.699440
8796.313477	-90.782539
8801.696777	-86.895348
8807.080078	-83.469276
8812.463379	-78.209038
8817.846680	-74.830116
8823.229980	-76.779922
8828.613281	-80.126839
8833.996582	-75.519318
8839.379883	-74.153847
8844.763184	-72.672081
8850.146484	-72.844025
8855.529785	-71.637108
8860.913086	-70.605598
8866.296387	-76.545479
8871.679688	-74.676315
8877.062988	-75.081856
8882.446289	-83.530029
8887.829590	-92.568092
8893.212891	-95.981720
8898.596191	-93.490364
8903.979492	-94.608238
8909.362793	-95.670906
8914.746094	-96.014503
8920.129395	-96.888977
8925.512695	-97.800400
8930.895996	-93.675026
8936.279297	-94.003548
8941.662598	-95.655785
8947.045898	-93.775146
8952.429199	-90.002022
8957.812500	-88.827850
8963.195801	-92.280045
8968.579102	-92.922722
8973.962402	-89.492538
8979.345703	-92.993019
8984.729004	-93.878563
8990.112305	-93.081360
8995.495605	-94.202759
9000.878906	-93.777771
9006.262207	-95.194572
9011.645508	-94.293655
9017.028809	-92.057480
9022.412109	-92.125343
9027.795410	-91.961304
9033.178711	-95.608971
9038.562012	-94.716377
9043.945312	-94.516983
9049.328613	-95.492630
9054.711914	-94.901283
9060.095215	-99.020393
9065.478516	-96.679214
9070.861816	-95.628906
9076.245117	-92.091652
9081.628418	-93.580017
9087.011719	-97.840309
9092.395020	-99.616982
9097.778320	-98.441826
9103.161621	-99.186226
9108.544922	-101.842751
9113.928223	-99.849571
9119.311523	-98.426140
9124.694824	-101.264328
9130.078125	-101.829857
9135.461426	-98.881744
9140.844727	-97.255241
9146.228027	-99.039574
9151.611328	-100.637009
9156.994629	-98.805977
9162.377930	-99.050835
9167.761230	-100.782883
9173.144531	-99.819366
9178.527832	-97.465675
9183.911133	-99.589661
9189.294434	-99.397934
9194.677734	-99.742256
9200.061035	-99.616333
9205.444336	-98.696625
9210.827637	-98.112961
9216.210938	-100.441505
9221.594238	-100.110123
9226.977539	-98.619492
9232.360840	-97.379295
9237.744141	-94.787163
9243.127441	-90.124786
9248.510742	-85.552361
9253.894043	-81.535011
9259.277344	-80.160675
9264.660645	-85.683563
9270.043945	-81.467361
9275.427246	-79.127747
9280.810547	-78.201523
9286.193848	-76.805634
9291.577148	-76.667244
9296.960449	-78.846764
9302.343750	-75.605766
9307.727051	-79.065186
9313.110352	-80.612144
9318.493652	-77.694679
9323.876953	-82.003532
9329.260254	-92.076546
9334.643555	-97.702507
9340.026855	-98.809013
9345.410156	-99.905396
9350.793457	-100.111778
9356.176758	-100.611519
9361.560059	-101.396881
9366.943359	-99.283920
9372.326660	-98.727081
9377.709961	-98.662506
9383.093262	-100.190384
9388.476562	-99.572639
9393.859863	-99.124458
9399.243164	-97.951843
9404.626465	-98.130409
9410.009766	-99.240295
9415.393066	-98.823456
9420.776367	-101.257584
9426.159668	-103.621658
9431.542969	-101.769875
9436.926270	-102.900703
9442.309570	-106.346741
9447.692871	-105.945915
9453.076172	-104.611877
9458.459473	-105.845406
9463.842773	-102.811920
9469.226074	-101.490112
9474.609375	-100.565399
9479.992676	-100.518204
9485.375977	-101.822746
9490.759277	-101.743416
9496.142578	-102.623375
9501.525879	-102.027786
9506.909180	-99.217354
9512.292480	-100.770004
9517.675781	-100.716324
9523.059082	-98.504784
9528.442383	-98.823738
9533.825684	-98.182076
9539.208984	-97.632698
9544.592285	-98.472000
9549.975586	-100.239494
9555.358887	-99.109573
9560.742188	-99.505486
9566.125488	-99.829819
9571.508789	-100.444443
9576.892090	-100.791771
9582.275391	-100.213066
9587.658691	-100.641975
9593.041992	-100.706734
9598.425293	-99.953255
9603.808594	-99.453239
9609.191895	-100.007416
9614.575195	-100.992012
9619.958496	-98.609795
9625.341797	-98.586143
9630.725098	-101.888237
9636.108398	-102.006874
9641.491699	-101.347595
9646.875000	-101.870651
9652.258301	-101.135231
9657.641602	-100.527786
9663.024902	-98.365089
9668.408203	-99.203262
9673.791504	-100.393158
9679.174805	-99.322212
9684.558105	-94.115280
9689.941406	-88.474426
9695.324707	-84.057083
9700.708008	-83.091354
9706.091309	-89.294678
9711.474609	-89.432564
9716.857910	-86.777359
9722.241211	-86.277374
9727.624512	-83.180923
9733.007812	-80.840942
9738.391113	-81.742355
9743.774414	-75.787338
9749.157715	-77.760231
9754.541016	-82.226280
9759.924316	-78.861748
9765.307617	-80.612312
9770.690918	-89.365456
9776.074219	-96.968071
9781.457520	-99.971024
9786.840820	-99.309677
9792.224121	-97.997772
9797.607422	-98.546623
9802.990723	-100.054680
9808.374023	-100.247757
9813.757324	-96.607849
9819.140625	-96.540184
9824.523926	-99.884171
9829.907227	-99.047653
9835.290527	-95.542702
9840.673828	-93.207916
9846.057129	-94.236664
9851.440430	-97.147865
9856.823730	-95.399490
9862.207031	-95.743340
9867.590332	-98.156204
9872.973633	-98.523064
9878.356934	-97.650444
9883.740234	-96.343063
9889.123535	-95.906441
9894.506836	-95.245918
9899.890137	-94.774467
9905.273438	-95.950005
9910.656738	-95.231987
9916.040039	-96.609390
9921.423340	-100.203110
9926.806641	-99.651016
9932.189941	-98.200508
9937.573242	-98.917015
9942.956543	-98.185417
9948.339844	-98.503647
9953.723145	-100.313278
9959.106445	-95.280640
9964.489746	-95.539551
9969.873047	-97.577332
9975.256348	-98.184563
9980.639648	-94.875031
9986.022949	-93.767319
9991.406250	-97.221466
9996.789551	-97.505104
10002.172852	-97.633835
10007.556152	-98.991417
10012.939453	-101.111572
10018.322754	-99.071724
10023.706055	-96.817467
10029.089355	-97.679672
10034.472656	-99.200584
10039.855957	-99.927612
10045.239258	-101.206474
10050.622559	-102.393997
10056.005859	-101.188255
10061.389160	-98.695534
10066.772461	-99.599205
10072.155762	-99.794197
10077.539062	-99.207321
10082.922363	-99.421486
10088.305664	-101.739120
10093.688965	-101.939423
10099.072266	-100.827583
10104.455566	-100.894272
10109.838867	-98.367264
10115.222168	-98.458504
10120.605469	-98.491997
10125.988770	-92.245071
10131.372070	-85.203026
10136.755371	-79.797432
10142.138672	-79.088127
10147.521973	-87.171982
10152.905273	-82.366928
10158.288574	-80.219948
10163.671875	-79.238960
10169.055176	-78.209145
10174.438477	-77.435463
10179.821777	-79.580048
10185.205078	-74.721832
10190.588379	-75.130310
10195.971680	-81.192932
10201.354980	-80.557747
10206.738281	-79.130768
10212.121582	-85.411224
10217.504883	-92.491951
10222.888184	-97.992775
10228.271484	-98.356010
10233.654785	-99.416924
10239.038086	-98.279022
10244.421387	-100.876740
10249.804688	-104.403877
10255.187988	-98.523827
10260.571289	-97.645653
10265.954590	-100.196800
10271.337891	-98.089081
10276.721191	-95.962357
10282.104492	-94.857132
10287.487793	-95.056732
10292.871094	-96.158142
10298.254395	-95.406433
10303.637695	-95.615746
10309.020996	-97.364052
10314.404297	-99.263367
10319.787598	-100.119316
10325.170898	-99.348938
10330.554199	-98.059204
10335.937500	-96.740784
10341.320801	-98.435371
10346.704102	-99.804665
10352.087402	-97.075996
10357.470703	-96.790543
10362.854004	-99.121933
10368.237305	-98.185631
10373.620605	-99.978722
10379.003906	-100.888863
10384.387207	-99.235764
10389.770508	-95.762459
10395.153809	-97.794289
10400.537109	-99.292732
10405.920410	-100.285400
10411.303711	-97.314186
10416.687012	-97.756378
10422.070312	-99.237816
10427.453613	-99.998711
10432.836914	-101.606911
10438.220215	-100.237328
10443.603516	-102.251007
10448.986816	-105.775673
10454.370117	-104.904373
10459.753418	-104.009689
10465.136719	-104.585739
10470.520020	-106.261116
10475.903320	-106.139603
10481.286621	-104.703651
10486.669922	-102.786491
10492.053223	-104.509315
10497.436523	-104.644043
10502.819824	-103.338577
10508.203125	-100.761345
10513.586426	-101.929253
10518.969727	-104.889572
10524.353027	-103.413101
10529.736328	-103.718056
10535.119629	-98.959557
10540.502930	-99.370766
10545.886230	-99.904228
10551.269531	-101.737038
10556.652832	-103.621613
10562.036133	-98.705582
10567.419434	-92.458923
10572.802734	-86.135925
10578.186035	-79.998833
10583.569336	-79.078346
10588.952637	-88.157410
10594.335938	-85.562935
10599.719238	-86.170868
10605.102539	-87.790550
10610.485840	-82.399010
10615.869141	-79.825699
10621.252441	-81.261337
10626.635742	-78.420952
10632.019043	-75.476746
10637.402344	-80.762924
10642.785645	-83.571243
10648.168945	-79.898537
10653.552246	-82.329475
10658.935547	-89.672920
10664.318848	-95.941795
10669.702148	-98.188362
10675.085449	-98.831207
10680.468750	-100.577080
10685.852051	-101.077431
10691.235352	-100.500305
10696.618652	-100.043182
10702.001953	-99.343513
10707.385254	-99.614220
10712.768555	-99.535324
10718.151855	-98.040054
10723.535156	-94.810608
10728.918457	-95.388504
10734.301758	-98.039314
10739.685059	-98.940689
10745.068359	-99.819893
10750.451660	-100.334915
10755.834961	-99.265785
10761.218262	-98.953094
10766.601562	-99.041420
10771.984863	-100.252907
10777.368164	-99.120811
10782.751465	-97.877716
10788.134766	-98.077950
10793.518066	-98.849663
10798.901367	-98.060730
10804.284668	-100.719040
10809.667969	-100.561203
10815.051270	-99.756775
10820.434570	-100.506088
10825.817871	-99.646782
10831.201172	-99.183022
10836.584473	-99.183990
10841.967773	-99.352249
10847.351074	-99.148476
10852.734375	-96.898537
10858.117676	-98.561699
10863.500977	-98.666962
10868.884277	-97.771370
10874.267578	-98.204147
10879.650879	-100.174263
10885.034180	-101.423851
10890.417480	-101.693085
10895.800781	-101.635788
10901.184082	-101.896408
10906.567383	-100.000145
10911.950684	-99.444328
10917.333984	-100.431335
10922.717285	-101.534088
10928.100586	-101.413055
10933.483887	-102.633049
10938.867188	-102.917801
10944.250488	-101.978767
10949.633789	-100.297157
10955.017090	-101.399345
10960.400391	-101.760139
10965.783691	-100.536415
10971.166992	-98.462936
10976.550293	-99.467644
10981.933594	-100.656128
10987.316895	-99.486977
10992.700195	-98.934967
10998.083496	-96.264824
11003.466797	-91.620659
11008.850098	-87.838669
11014.233398	-83.603783
11019.616699	-80.352585
11025.000000	-80.384689
11030.383301	-88.340164
11035.766602	-85.050262
11041.149902	-84.231483
11046.533203	-85.125244
11051.916504	-83.691734
11057.299805	-81.495239
11062.683105	-81.014763
11068.066406	-81.335136
11073.449707	-76.427856
11078.833008	-79.656364
11084.216309	-83.629799
11089.599609	-80.299706
11094.982910	-79.029999
11100.366211	-85.189018
11105.749512	-94.736694
11111.132812	-100.451721
11116.516113	-100.583344
11121.899414	-101.362907
11127.282715	-104.563087
11132.666016	-105.242928
11138.049316	-107.361450
11143.432617	-105.681984
11148.815918	-106.389343
11154.199219	-105.435776
11159.582520	-104.369141
11164.965820	-104.452728
11170.349121	-103.132462
11175.732422	-105.217400
11181.115723	-108.667656
11186.499023	-107.671387
11191.882324	-107.288185
11197.265625	-106.472527
11202.648926	-105.344101
11208.032227	-107.074730
11213.415527	-107.377289
11218.798828	-105.099777
11224.182129	-104.899612
11229.565430	-104.630661
11234.948730	-104.551369
11240.332031	-101.546021
11245.715332	-104.607262
11251.098633	-104.796242
11256.481934	-101.175751
11261.865234	-104.048775
11267.248535	-105.201431
11272.631836	-101.749527
11278.015137	-101.351578
11283.398438	-100.176956
11288.781738	-99.604088
11294.165039	-98.863518
11299.548340	-99.061073
11304.931641	-98.175194
11310.314941	-97.807503
11315.698242	-97.097610
11321.081543	-99.004097
11326.464844	-99.816391
11331.848145	-100.397110
11337.231445	-99.738365
11342.614746	-100.630409
11347.998047	-102.387321
11353.381348	-101.749161
11358.764648	-101.995560
11364.147949	-102.679367
11369.531250	-101.340729
11374.914551	-103.797195
11380.297852	-106.582527
11385.681152	-106.345398
11391.064453	-104.949295
11396.447754	-104.797005
11401.831055	-106.374893
11407.214355	-105.364815
11412.597656	-105.028000
11417.980957	-104.549515
11423.364258	-106.084114
11428.747559	-102.493172
11434.130859	-100.270256
11439.514160	-97.851746
11444.897461	-92.849129
11450.280762	-89.280212
11455.664062	-86.337021
11461.047363	-83.615372
11466.430664	-83.871422
11471.813965	-95.350037
11477.197266	-86.887039
11482.580566	-89.191841
11487.963867	-89.273537
11493.347168	-89.181801
11498.730469	-86.989594
11504.113770	-86.179459
11509.497070	-88.830757
11514.880371	-83.301491
11520.263672	-84.379318
11525.646973	-86.665726
11531.030273	-84.754646
11536.413574	-81.022263
11541.796875	-85.224625
11547.180176	-93.979622
11552.563477	-100.918549
11557.946777	-104.498421
11563.330078	-106.004379
11568.713379	-107.561195
11574.096680	-106.349915
11579.479980	-108.253136
11584.863281	-108.867256
11590.246582	-109.042793
11595.629883	-107.318192
11601.013184	-105.626556
11606.396484	-103.452515
11611.779785	-102.770645
11617.163086	-103.997124
11622.546387	-106.601524
11627.929688	-106.098045
11633.312988	-103.415520
11638.696289	-100.353394
11644.079590	-99.806755
11649.462891	-102.661385
11654.846191	-103.521988
11660.229492	-101.565079
11665.612793	-103.184456
11670.996094	-107.803276
11676.379395	-107.516541
11681.762695	-104.928413
11687.145996	-105.919495
11692.529297	-105.035950
11697.912598	-103.942558
11703.295898	-105.482460
11708.679199	-105.622528
11714.062500	-104.943420
11719.445801	-102.445221
11724.829102	-103.307602
11730.212402	-104.964287
11735.595703	-104.451813
11740.979004	-103.747215
11746.362305	-102.499268
11751.745605	-102.330414
11757.128906	-102.972588
11762.512207	-102.621559
11767.895508	-101.579315
11773.278809	-100.786743
11778.662109	-102.024963
11784.045410	-103.901695
11789.428711	-103.096573
11794.812012	-102.316940
11800.195312	-103.335167
11805.578613	-105.151329
11810.961914	-106.452042
11816.345215	-103.948112
11821.728516	-102.770020
11827.111816	-104.357521
11832.495117	-103.458229
11837.878418	-103.014870
11843.261719	-104.429527
11848.645020	-105.008308
11854.028320	-101.641357
11859.411621	-101.918289
11864.794922	-104.098091
11870.178223	-102.361626
11875.561523	-101.872383
11880.944824	-101.894997
11886.328125	-94.802666
11891.711426	-89.438942
11897.094727	-85.185623
11902.478027	-82.478241
11907.861328	-84.261993
11913.244629	-97.162209
11918.627930	-90.308884
11924.011230	-94.375320
11929.394531	-91.934082
11934.777832	-92.117165
11940.161133	-90.347069
11945.544434	-88.802483
11950.927734	-90.448433
11956.311035	-83.874016
11961.694336	-82.917458
11967.077637	-87.214249
11972.460938	-87.556114
11977.844238	-82.762238
11983.227539	-82.841263
11988.610840	-89.234818
11993.994141	-97.469650
11999.377441	-101.561737
12004.760742	-100.739761
12010.144043	-100.343719
12015.527344	-100.500916
12020.910645	-101.991943
12026.293945	-101.951332
12031.677246	-101.347160
12037.060547	-101.444908
12042.443848	-102.153450
12047.827148	-101.361427
12053.210449	-100.202423
12058.593750	-100.333565
12063.977051	-101.372658
12069.360352	-99.336823
12074.743652	-101.491310
12080.126953	-102.296516
12085.510254	-101.458244
12090.893555	-103.006447
12096.276855	-101.956680
12101.660156	-101.866898
12107.043457	-102.710899
12112.426758	-102.566376
12117.810059	-102.655945
12123.193359	-102.959435
12128.576660	-104.542152
12133.959961	-103.966248
12139.343262	-102.849442
12144.726562	-102.483238
12150.109863	-100.963058
12155.493164	-101.381927
12160.876465	-100.941063
12166.259766	-103.018608
12171.643066	-102.359085
12177.026367	-102.387733
12182.409668	-103.419495
12187.792969	-101.051140
12193.176270	-100.569466
12198.559570	-101.685066
12203.942871	-101.458214
12209.326172	-102.480011
12214.709473	-103.495140
12220.092773	-103.809456
12225.476074	-104.879936
12230.859375	-105.819977
12236.242676	-105.326630
12241.625977	-104.847755
12247.009277	-106.016731
12252.392578	-105.170815
12257.775879	-104.769943
12263.159180	-105.220512
12268.542480	-105.031815
12273.925781	-104.668411
12279.309082	-104.525703
12284.692383	-105.116745
12290.075684	-105.921677
12295.458984	-104.817673
12300.842285	-105.290276
12306.225586	-103.667694
12311.608887	-105.227699
12316.992188	-105.035820
12322.375488	-107.265488
12327.758789	-102.812210
12333.142090	-97.465179
12338.525391	-92.827095
12343.908691	-91.062607
12349.291992	-95.697304
12354.675293	-100.897736
12360.058594	-96.844131
12365.441895	-102.215256
12370.825195	-100.328140
12376.208496	-98.575142
12381.591797	-98.619949
12386.975098	-95.753960
12392.358398	-97.942894
12397.741699	-98.565720
12403.125000	-95.314621
12408.508301	-93.191399
12413.891602	-91.438614
12419.274902	-90.065231
12424.658203	-89.339737
12430.041504	-91.800461
12435.424805	-98.403130
12440.808105	-103.542107
12446.191406	-105.304779
12451.574707	-105.218735
12456.958008	-104.802551
12462.341309	-104.854248
12467.724609	-105.559868
12473.107910	-106.059700
12478.491211	-106.198647
12483.874512	-105.056778
12489.257812	-104.915764
12494.641113	-104.320923
12500.024414	-105.016014
12505.407715	-106.674797
12510.791016	-106.201416
12516.174316	-105.701859
12521.557617	-104.216019
12526.940918	-102.326012
12532.324219	-103.161423
12537.707520	-105.318520
12543.090820	-104.753830
12548.474121	-103.568268
12553.857422	-106.021141
12559.240723	-105.188972
12564.624023	-104.183121
12570.007324	-104.004181
12575.390625	-105.744370
12580.773926	-106.940872
12586.157227	-106.365425
12591.540527	-105.601242
12596.923828	-105.280388
12602.307129	-105.476654
12607.690430	-105.513847
12613.073730	-105.491020
12618.457031	-106.058327
12623.840332	-105.345650
12629.223633	-105.895401
12634.606934	-105.789711
12639.990234	-105.692223
12645.373535	-105.733078
12650.756836	-105.172264
12656.140137	-105.639282
12661.523438	-107.362671
12666.906738	-107.736305
12672.290039	-108.659500
12677.673340	-109.659782
12683.056641	-109.313072
12688.439941	-109.643982
12693.823242	-109.318146
12699.206543	-109.890785
12704.589844	-109.718567
12709.973145	-108.979172
12715.356445	-110.971115
12720.739746	-110.006577
12726.123047	-109.675682
12731.506348	-110.928963
12736.889648	-108.923965
12742.272949	-107.728439
12747.656250	-108.229172
12753.039551	-108.939728
12758.422852	-109.511932
12763.806152	-107.268341
12769.189453	-102.179535
12774.572754	-97.790176
12779.956055	-93.874786
12785.339355	-92.240120
12790.722656	-95.542023
12796.105957	-106.201126
12801.489258	-96.767281
12806.872559	-99.654716
12812.255859	-97.558640
12817.639160	-97.093414
12823.022461	-93.797173
12828.405762	-91.663536
12833.789062	-92.342110
12839.172363	-94.538582
12844.555664	-87.318436
12849.938965	-89.248154
12855.322266	-91.182976
12860.705566	-91.173386
12866.088867	-89.953888
12871.472168	-91.147713
12876.855469	-96.649902
12882.238770	-102.064842
12887.622070	-103.279366
12893.005371	-102.707817
12898.388672	-102.026878
12903.771973	-103.784515
12909.155273	-103.954117
12914.538574	-103.423355
12919.921875	-103.426109
12925.305176	-104.289711
12930.688477	-105.572845
12936.071777	-103.556015
12941.455078	-101.799515
12946.838379	-103.027779
12952.221680	-100.830635
12957.604980	-104.230751
12962.988281	-102.101456
12968.371582	-99.911911
12973.754883	-102.531242
12979.138184	-103.364624
12984.521484	-104.399605
12989.904785	-105.500168
12995.288086	-100.450089
13000.671387	-99.998734
13006.054688	-103.237091
13011.437988	-105.431625
13016.821289	-104.543747
13022.204590	-101.467522
13027.587891	-101.504318
13032.971191	-103.152359
13038.354492	-102.784302
13043.737793	-103.514084
13049.121094	-105.194939
13054.504395	-101.812691
13059.887695	-103.442101
13065.270996	-104.092003
13070.654297	-102.783722
13076.037598	-103.009033
13081.420898	-103.286705
13086.804199	-102.293465
13092.187500	-103.623383
13097.570801	-105.718460
13102.954102	-104.635773
13108.337402	-105.406013
13113.720703	-106.749237
13119.104004	-107.388252
13124.487305	-108.611397
13129.870605	-109.367416
13135.253906	-108.937958
13140.637207	-108.195656
13146.020508	-110.359161
13151.403809	-110.079132
13156.787109	-108.384682
13162.170410	-109.151466
13167.553711	-109.803268
13172.937012	-108.718185
13178.320312	-107.560997
13183.703613	-109.437469
13189.086914	-107.023224
13194.470215	-108.615997
13199.853516	-106.437614
13205.236816	-107.520714
13210.620117	-105.397690
13216.003418	-101.033943
13221.386719	-99.332939
13226.770020	-102.806442
13232.153320	-99.563560
13237.536621	-100.914177
13242.919922	-97.171982
13248.303223	-94.288704
13253.686523	-91.479416
13259.069824	-91.684319
13264.453125	-89.081688
13269.836426	-87.124298
13275.219727	-88.378151
13280.603027	-94.480484
13285.986328	-86.580429
13291.369629	-87.149529
13296.752930	-91.784348
13302.136230	-92.831009
13307.519531	-89.577042
13312.902832	-88.151825
13318.286133	-92.580978
13323.669434	-98.873940
13329.052734	-102.147072
13334.436035	-103.424103
13339.819336	-104.204407
13345.202637	-103.759949
13350.585938	-103.255096
13355.969238	-104.869545
13361.352539	-104.979210
13366.735840	-105.379143
13372.119141	-104.616272
13377.502441	-103.649017
13382.885742	-104.252167
13388.269043	-106.207115
13393.652344	-106.665672
13399.035645	-108.127800
13404.418945	-108.461319
13409.802246	-107.976135
13415.185547	-108.103065
13420.568848	-108.292770
13425.952148	-107.765190
13431.335449	-104.834206
13436.718750	-104.901070
13442.102051	-107.411263
13447.485352	-106.926994
13452.868652	-106.776039
13458.251953	-105.969917
13463.635254	-105.130234
13469.018555	-106.317589
13474.401855	-103.815285
13479.785156	-104.522743
13485.168457	-100.872559
13490.551758	-102.888321
13495.935059	-106.144676
13501.318359	-104.254692
13506.701660	-103.588562
13512.084961	-101.356964
13517.468262	-102.728714
13522.851562	-101.455551
13528.234863	-99.825737
13533.618164	-100.718735
13539.001465	-103.481766
13544.384766	-101.987122
13549.768066	-103.568512
13555.151367	-103.506355
13560.534668	-101.070541
13565.917969	-101.002625
13571.301270	-104.172882
13576.684570	-105.776009
13582.067871	-107.346519
13587.451172	-108.493370
13592.834473	-106.449608
13598.217773	-104.571754
13603.601074	-104.702217
13608.984375	-105.608826
13614.367676	-107.713974
13619.750977	-107.666725
13625.134277	-105.612396
13630.517578	-104.651169
13635.900879	-107.050934
13641.284180	-105.481880
13646.667480	-103.346062
13652.050781	-100.629776
13657.434082	-98.284889
13662.817383	-96.694633
13668.200684	-95.970863
13673.583984	-98.601936
13678.967285	-100.927208
13684.350586	-96.710976
13689.733887	-97.374680
13695.117188	-94.595818
13700.500488	-95.927444
13705.883789	-95.050064
13711.267090	-93.059250
13716.650391	-93.345161
13722.033691	-98.909973
13727.416992	-90.932762
13732.800293	-89.334320
13738.183594	-94.695961
13743.566895	-97.184998
13748.950195	-95.922348
13754.333496	-93.940315
13759.716797	-97.673431
13765.100098	-104.407036
13770.483398	-109.725456
13775.866699	-110.608734
13781.250000	-110.218971
13786.633301	-113.282112
13792.016602	-114.960777
13797.399902	-112.730637
13802.783203	-111.045197
13808.166504	-110.929062
13813.549805	-111.293869
13818.933105	-112.396767
13824.316406	-112.173248
13829.699707	-112.731369
13835.083008	-111.535675
13840.466309	-111.914230
13845.849609	-111.815819
13851.232910	-111.727364
13856.616211	-112.612007
13861.999512	-112.007004
13867.382812	-113.082558
13872.766113	-114.099190
13878.149414	-112.895424
13883.532715	-110.639824
13888.916016	-112.663513
13894.299316	-116.822113
13899.682617	-118.038994
13905.065918	-115.014259
13910.449219	-116.455322
13915.832520	-115.533501
13921.215820	-113.074532
13926.599121	-113.517036
13931.982422	-115.419106
13937.365723	-113.474052
13942.749023	-112.697289
13948.132324	-112.053482
13953.515625	-111.460121
13958.898926	-110.348534
13964.282227	-111.161369
13969.665527	-109.391319
13975.048828	-109.959526
13980.432129	-110.774544
13985.815430	-109.243317
13991.198730	-109.340073
13996.582031	-110.671562
14001.965332	-112.487778
14007.348633	-111.329796
14012.731934	-111.064728
14018.115234	-111.629967
14023.498535	-110.929810
14028.881836	-111.267990
14034.265137	-112.561707
14039.648438	-113.367599
14045.031738	-113.556084
14050.415039	-113.980797
14055.798340	-113.890121
14061.181641	-115.699738
14066.564941	-115.072083
14071.948242	-115.901505
14077.331543	-113.166534
14082.714844	-114.765564
14088.098145	-112.507347
14093.481445	-109.034760
14098.864746	-105.211594
14104.248047	-101.180634
14109.631348	-99.074974
14115.014648	-101.877457
14120.397949	-110.694405
14125.781250	-100.626991
14131.164551	-100.265495
14136.547852	-96.459343
14141.931152	-97.026360
14147.314453	-94.607567
14152.697754	-91.261902
14158.081055	-90.843193
14163.464355	-95.091965
14168.847656	-92.029076
14174.230957	-86.883614
14179.614258	-90.919350
14184.997559	-96.649437
14190.380859	-98.483185
14195.764160	-95.456009
14201.147461	-94.735031
14206.530762	-100.589981
14211.914062	-108.159042
14217.297363	-113.479233
14222.680664	-113.416328
14228.063965	-113.312004
14233.447266	-111.540199
14238.830566	-113.938736
14244.213867	-115.101311
14249.597168	-112.818626
14254.980469	-109.648415
14260.363770	-108.211998
14265.747070	-109.309631
14271.130371	-113.222061
14276.513672	-113.038879
14281.896973	-111.436684
14287.280273	-111.971581
14292.663574	-111.420975
14298.046875	-111.342171
14303.430176	-112.581001
14308.813477	-112.283676
14314.196777	-110.089531
14319.580078	-110.547134
14324.963379	-112.464005
14330.346680	-111.012321
14335.729980	-111.709518
14341.113281	-110.049225
14346.496582	-109.868774
14351.879883	-113.085640
14357.263184	-112.754257
14362.646484	-110.085808
14368.029785	-108.462341
14373.413086	-106.752441
14378.796387	-108.718231
14384.179688	-109.864922
14389.562988	-106.428413
14394.946289	-104.142021
14400.329590	-105.708458
14405.712891	-106.562691
14411.096191	-104.416145
14416.479492	-103.739754
14421.862793	-102.183098
14427.246094	-101.367592
14432.629395	-103.600609
14438.012695	-104.001289
14443.395996	-101.552040
14448.779297	-99.747002
14454.162598	-100.707443
14459.545898	-103.338615
14464.929199	-106.209915
14470.312500	-106.734978
14475.695801	-104.696526
14481.079102	-100.887810
14486.462402	-101.615700
14491.845703	-101.732506
14497.229004	-99.570854
14502.612305	-101.834686
14507.995605	-102.652420
14513.378906	-100.320480
14518.762207	-102.606339
14524.145508	-103.767838
14529.528809	-97.355721
14534.912109	-95.110748
14540.295410	-91.620850
14545.678711	-88.540627
14551.062012	-88.099899
14556.445312	-91.703323
14561.828613	-91.430649
14567.211914	-88.520912
14572.595215	-88.335365
14577.978516	-85.523224
14583.361816	-86.982445
14588.745117	-86.303253
14594.128418	-82.819443
14599.511719	-81.960869
14604.895020	-84.828209
14610.278320	-86.490547
14615.661621	-78.983704
14621.044922	-80.862892
14626.428223	-86.257965
14631.811523	-88.666534
14637.194824	-86.760170
14642.578125	-82.843590
14647.961426	-85.561859
14653.344727	-93.085304
14658.728027	-102.382240
14664.111328	-103.691956
14669.494629	-104.454018
14674.877930	-101.620483
14680.261230	-100.789902
14685.644531	-101.365341
14691.027832	-102.112457
14696.411133	-101.473488
14701.794434	-100.989319
14707.177734	-101.263016
14712.561035	-103.873253
14717.944336	-103.429390
14723.327637	-102.808968
14728.710938	-103.580299
14734.094238	-103.527916
14739.477539	-103.492134
14744.860840	-106.026054
14750.244141	-105.289032
14755.627441	-105.530907
14761.010742	-105.290863
14766.394043	-102.186867
14771.777344	-101.954208
14777.160645	-104.192940
14782.543945	-102.939362
14787.927246	-101.998672
14793.310547	-103.256714
14798.693848	-103.178337
14804.077148	-101.300209
14809.460449	-101.688347
14814.843750	-101.422333
14820.227051	-100.904396
14825.610352	-102.476418
14830.993652	-103.760269
14836.376953	-102.922409
14841.760254	-101.296829
14847.143555	-102.990829
14852.526855	-104.059158
14857.910156	-100.576454
14863.293457	-100.882057
14868.676758	-102.070831
14874.060059	-103.969116
14879.443359	-105.956192
14884.826660	-104.297852
14890.209961	-101.612282
14895.593262	-102.287926
14900.976562	-103.507301
14906.359863	-103.524170
14911.743164	-104.275787
14917.126465	-102.517029
14922.509766	-102.281120
14927.893066	-104.886490
14933.276367	-104.492599
14938.659668	-103.389107
14944.042969	-102.712639
14949.426270	-101.965179
14954.809570	-104.090881
14960.192871	-106.254486
14965.576172	-101.005249
14970.959473	-97.222092
14976.342773	-94.831535
14981.726074	-90.877762
14987.109375	-88.314934
14992.492676	-89.145935
14997.875977	-96.033333
15003.259277	-89.943115
15008.642578	-88.963997
15014.025879	-89.316544
15019.409180	-86.805115
15024.792480	-87.641510
15030.175781	-87.974655
15035.559082	-85.031845
15040.942383	-83.472038
15046.325684	-86.411865
15051.708984	-91.113922
15057.092285	-83.077454
15062.475586	-82.692749
15067.858887	-87.717766
15073.242188	-89.978394
15078.625488	-90.910339
15084.008789	-85.897835
15089.392090	-85.732620
15094.775391	-91.452995
15100.158691	-98.644638
15105.541992	-100.992622
15110.925293	-102.910332
15116.308594	-102.332924
15121.691895	-103.392647
15127.075195	-104.365723
15132.458496	-102.930779
15137.841797	-101.834770
15143.225098	-100.924103
15148.608398	-99.881012
15153.991699	-102.919533
15159.375000	-106.581154
15164.758301	-104.162155
15170.141602	-103.607620
15175.524902	-105.784492
15180.908203	-106.488190
15186.291504	-105.671898
15191.674805	-103.810081
15197.058105	-103.017555
15202.441406	-106.449051
15207.824707	-105.012932
15213.208008	-104.969276
15218.591309	-105.774536
15223.974609	-105.539803
15229.357910	-104.343468
15234.741211	-104.977974
15240.124512	-103.470718
15245.507812	-102.938217
15250.891113	-102.991890
15256.274414	-103.886635
15261.657715	-104.273666
15267.041016	-105.346870
15272.424316	-104.049812
15277.807617	-102.210068
15283.190918	-102.741394
15288.574219	-102.701279
15293.957520	-103.165512
15299.340820	-103.035599
15304.724121	-103.087189
15310.107422	-102.190689
15315.490723	-102.763817
15320.874023	-103.286316
15326.257324	-101.721512
15331.640625	-98.765472
15337.023926	-100.474091
15342.407227	-102.072052
15347.790527	-101.605171
15353.173828	-102.331841
15358.557129	-103.340500
15363.940430	-104.036575
15369.323730	-100.079422
15374.707031	-100.043663
15380.090332	-99.332756
15385.473633	-100.164139
15390.856934	-103.004066
15396.240234	-100.766479
15401.623535	-100.727837
15407.006836	-99.645996
15412.390137	-95.557953
15417.773438	-93.132187
15423.156738	-90.416763
15428.540039	-88.781250
15433.923340	-90.199814
15439.306641	-97.841972
15444.689941	-93.451340
15450.073242	-94.306931
15455.456543	-93.599838
15460.839844	-91.517853
15466.223145	-92.492088
15471.606445	-93.695892
15476.989746	-90.821449
15482.373047	-89.135117
15487.756348	-90.908875
15493.139648	-93.868835
15498.522949	-89.820435
15503.906250	-86.499878
15509.289551	-89.830986
15514.672852	-92.447929
15520.056152	-93.231056
15525.439453	-90.938683
15530.822754	-90.432320
15536.206055	-92.786377
15541.589355	-99.319031
15546.972656	-104.598114
15552.355957	-105.417496
15557.739258	-105.926880
15563.122559	-105.146645
15568.505859	-103.566650
15573.889160	-103.326866
15579.272461	-105.215813
15584.655762	-104.435631
15590.039062	-104.620064
15595.422363	-104.214745
15600.805664	-105.482468
15606.188965	-105.185860
15611.572266	-103.464348
15616.955566	-103.416054
15622.338867	-103.531754
15627.722168	-103.979744
15633.105469	-104.965660
15638.488770	-105.347031
15643.872070	-103.986893
15649.255371	-102.065414
15654.638672	-102.228035
15660.021973	-103.579842
15665.405273	-103.085754
15670.788574	-104.806503
15676.171875	-104.926712
15681.555176	-104.136703
15686.938477	-104.050568
15692.321777	-103.153557
15697.705078	-103.553246
15703.088379	-101.752663
15708.471680	-102.944115
15713.854980	-104.355263
15719.238281	-105.067276
15724.621582	-105.021812
15730.004883	-102.424271
15735.388184	-103.775635
15740.771484	-102.745850
15746.154785	-101.528099
15751.538086	-103.795120
15756.921387	-103.486809
15762.304688	-103.573822
15767.687988	-103.954285
15773.071289	-104.787102
15778.454590	-102.856056
15783.837891	-103.335342
15789.221191	-104.574928
15794.604492	-103.117996
15799.987793	-104.707787
15805.371094	-104.530556
15810.754395	-104.597389
15816.137695	-105.202202
15821.520996	-102.031715
15826.904297	-100.612434
15832.287598	-101.641777
15837.670898	-103.287949
15843.054199	-105.197525
15848.437500	-101.473885
15853.820801	-99.700096
15859.204102	-97.362892
15864.587402	-95.450531
15869.970703	-93.833702
15875.354004	-94.952011
15880.737305	-102.472992
15886.120605	-94.118980
15891.503906	-94.143829
15896.887207	-94.300179
15902.270508	-90.229111
15907.653809	-89.794502
15913.037109	-90.553688
15918.420410	-88.840813
15923.803711	-86.786011
15929.187012	-88.395103
15934.570312	-91.422600
15939.953613	-88.925606
15945.336914	-83.904716
15950.720215	-86.791534
15956.103516	-90.477058
15961.486816	-91.285576
15966.870117	-91.952324
15972.253418	-89.345085
15977.636719	-90.909485
15983.020020	-96.174812
15988.403320	-100.311264
15993.786621	-102.202843
15999.169922	-103.497223
16004.553223	-104.660614
16009.936523	-105.793991
16015.319824	-104.271912
16020.703125	-103.699440
16026.086426	-102.917061
16031.469727	-102.038788
16036.853027	-102.680374
16042.236328	-103.836319
16047.619629	-104.132828
16053.002930	-102.693703
16058.386230	-103.248093
16063.769531	-104.789635
16069.152832	-103.805649
16074.536133	-103.518585
16079.919434	-103.383881
16085.302734	-104.592499
16090.686035	-104.919777
16096.069336	-103.813316
16101.452637	-103.510078
16106.835938	-102.347252
16112.219238	-101.414413
16117.602539	-103.059807
16122.985840	-103.933014
16128.369141	-102.027695
16133.752441	-101.008583
16139.135742	-103.621315
16144.519043	-101.778641
16149.902344	-101.031082
16155.285645	-101.083122
16160.668945	-101.895775
16166.052246	-100.935028
16171.435547	-100.084808
16176.818848	-100.963005
16182.202148	-101.919289
16187.585449	-101.732048
16192.968750	-100.548508
16198.352051	-100.998489
16203.735352	-102.890274
16209.118652	-100.155960
16214.501953	-97.833839
16219.885254	-98.477173
16225.268555	-99.601646
16230.651855	-100.092339
16236.035156	-100.453827
16241.418457	-100.369392
16246.801758	-102.119370
16252.185059	-100.942856
16257.568359	-100.654747
16262.951660	-99.650253
16268.334961	-100.539299
16273.718262	-101.611504
16279.101562	-100.370026
16284.484863	-98.029228
16289.868164	-97.379135
16295.251465	-92.605125
16300.634766	-88.991348
16306.018066	-86.825768
16311.401367	-85.612846
16316.784668	-87.657982
16322.167969	-100.500793
16327.551270	-88.866043
16332.934570	-90.953850
16338.317871	-90.551964
16343.701172	-88.963524
16349.084473	-88.475029
16354.467773	-90.166435
16359.851074	-87.926437
16365.234375	-84.594604
16370.617676	-85.339096
16376.000977	-87.941010
16381.384277	-88.532974
16386.767578	-81.976852
16392.150879	-82.594475
16397.534180	-86.473839
16402.917480	-89.111664
16408.300781	-91.112206
16413.684082	-89.011719
16419.067383	-84.624458
16424.450684	-87.197235
16429.833984	-94.117989
16435.217285	-98.145638
16440.600586	-100.235229
16445.983887	-100.405380
16451.367188	-98.105255
16456.750488	-98.009224
16462.133789	-97.746140
16467.517090	-96.708420
16472.900391	-96.515648
16478.283691	-95.911400
16483.666992	-97.569267
16489.050293	-97.113190
16494.433594	-97.562317
16499.816895	-99.427208
16505.200195	-96.863251
16510.583496	-95.873894
16515.966797	-99.217461
16521.350098	-100.998596
16526.733398	-99.687355
16532.116699	-99.803551
16537.500000	-97.431229
16542.883301	-97.093483
16548.266602	-98.836960
16553.649902	-98.828896
16559.033203	-96.554749
16564.416504	-99.050171
16569.799805	-100.300064
16575.183105	-98.364304
16580.566406	-99.848518
16585.949707	-97.769348
16591.333008	-98.730003
16596.716309	-99.371994
16602.099609	-101.144089
16607.482910	-100.772049
16612.866211	-98.162033
16618.249512	-99.484665
16623.632812	-101.411514
16629.016113	-99.312599
16634.399414	-98.836746
16639.782715	-98.463348
16645.166016	-99.397797
16650.549316	-101.969284
16655.932617	-101.777725
16661.315918	-101.906250
16666.699219	-101.650780
16672.082520	-102.393616
16677.465820	-101.765350
16682.849121	-101.438614
16688.232422	-102.324394
16693.615723	-102.721741
16698.999023	-103.938591
16704.382324	-105.017532
16709.765625	-104.225090
16715.148926	-104.272675
16720.532227	-105.826767
16725.915527	-103.002182
16731.298828	-98.448120
16736.682129	-94.304085
16742.065430	-90.416428
16747.448730	-87.383034
16752.832031	-86.570465
16758.215332	-89.939217
16763.598633	-101.879829
16768.981934	-88.841141
16774.365234	-92.224617
16779.748535	-90.507965
16785.131836	-89.312584
16790.515137	-88.124687
16795.898438	-90.132790
16801.281738	-89.452660
16806.665039	-85.882774
16812.048340	-85.375763
16817.431641	-88.234329
16822.814941	-88.584122
16828.198242	-83.847832
16833.581543	-82.493134
16838.964844	-86.393776
16844.348145	-88.096664
16849.731445	-89.246223
16855.114746	-89.753723
16860.498047	-85.677994
16865.881348	-86.563522
16871.264648	-93.061249
16876.647949	-101.159935
16882.031250	-105.440292
16887.414551	-107.474075
16892.797852	-107.788376
16898.181152	-107.824524
16903.564453	-107.449699
16908.947754	-107.179169
16914.331055	-106.426727
16919.714355	-105.916832
16925.097656	-107.896721
16930.480957	-108.824226
16935.864258	-107.615891
16941.247559	-107.689072
16946.630859	-107.762917
16952.014160	-106.890701
16957.397461	-109.009644
16962.780762	-110.075317
16968.164062	-110.590012
16973.547363	-108.203300
16978.930664	-109.145088
16984.313965	-108.918289
16989.697266	-109.488625
16995.080566	-108.073219
17000.463867	-106.421082
17005.847168	-108.132538
17011.230469	-106.097351
17016.613770	-104.149864
17021.997070	-104.836800
17027.380371	-104.108765
17032.763672	-105.244316
17038.146973	-104.915535
17043.530273	-106.310974
17048.913574	-106.253304
17054.296875	-105.633957
17059.680176	-106.378082
17065.063477	-106.352226
17070.446777	-105.632591
17075.830078	-105.276161
17081.213379	-105.014977
17086.596680	-106.476372
17091.979980	-107.054947
17097.363281	-106.473289
17102.746582	-105.981834
17108.129883	-106.113098
17113.513184	-105.784164
17118.896484	-106.538254
17124.279785	-107.770309
17129.663086	-107.394623
17135.046387	-106.576111
17140.429688	-107.871567
17145.812988	-107.294464
17151.196289	-106.407478
17156.579590	-107.028053
17161.962891	-107.234772
17167.346191	-106.025581
17172.729492	-101.410439
17178.112793	-97.823753
17183.496094	-94.414810
17188.879395	-92.479118
17194.262695	-92.310547
17199.645996	-96.758369
17205.029297	-102.120461
17210.412598	-97.649246
17215.795898	-104.415359
17221.179199	-101.214249
17226.562500	-103.107956
17231.945801	-99.348267
17237.329102	-98.324379
17242.712402	-95.771477
17248.095703	-92.492790
17253.479004	-91.313164
17258.862305	-93.960136
17264.245605	-92.914787
17269.628906	-90.077347
17275.012207	-86.038155
17280.395508	-89.203949
17285.778809	-91.188759
17291.162109	-90.499176
17296.545410	-90.836136
17301.928711	-89.795891
17307.312012	-87.627228
17312.695312	-90.869057
17318.078613	-96.916824
17323.461914	-101.863258
17328.845215	-103.097153
17334.228516	-103.327812
17339.611816	-102.234444
17344.995117	-102.959099
17350.378418	-103.214622
17355.761719	-103.931183
17361.145020	-104.122475
17366.528320	-104.481392
17371.911621	-104.227921
17377.294922	-104.279167
17382.678223	-104.229179
17388.061523	-105.086586
17393.444824	-104.039955
17398.828125	-103.953331
17404.211426	-103.920357
17409.594727	-105.526390
17414.978027	-105.131821
17420.361328	-104.190636
17425.744629	-102.487099
17431.127930	-104.237770
17436.511230	-103.908234
17441.894531	-102.974831
17447.277832	-104.783752
17452.661133	-104.935524
17458.044434	-105.937775
17463.427734	-105.694481
17468.811035	-105.703995
17474.194336	-106.170235
17479.577637	-105.555016
17484.960938	-106.880486
17490.344238	-107.139366
17495.727539	-105.500954
17501.110840	-106.411102
17506.494141	-107.595818
17511.877441	-108.127327
17517.260742	-107.571655
17522.644043	-106.357307
17528.027344	-106.786308
17533.410645	-107.976662
17538.793945	-107.843811
17544.177246	-108.166794
17549.560547	-108.997383
17554.943848	-109.634918
17560.327148	-107.994720
17565.710449	-107.783020
17571.093750	-109.037743
17576.477051	-108.369995
17581.860352	-108.076851
17587.243652	-108.343056
17592.626953	-108.056122
17598.010254	-107.094131
17603.393555	-107.433250
17608.776855	-108.315483
17614.160156	-109.012527
17619.543457	-104.253761
17624.926758	-99.902328
17630.310059	-98.368736
17635.693359	-99.423645
17641.076660	-105.380272
17646.459961	-107.549011
17651.843262	-105.121460
17657.226562	-105.605827
17662.609863	-105.360535
17667.993164	-101.565735
17673.376465	-99.682793
17678.759766	-100.324707
17684.143066	-99.921577
17689.526367	-98.392540
17694.909668	-97.118561
17700.292969	-98.232765
17705.676270	-97.382492
17711.059570	-96.899597
17716.442871	-91.215744
17721.826172	-92.692108
17727.209473	-94.491524
17732.592773	-92.985954
17737.976074	-92.533028
17743.359375	-92.960022
17748.742676	-89.275551
17754.125977	-90.572441
17759.509277	-96.627434
17764.892578	-102.710106
17770.275879	-104.488556
17775.659180	-104.191940
17781.042480	-104.276543
17786.425781	-103.922844
17791.809082	-104.681801
17797.192383	-103.247849
17802.575684	-102.676186
17807.958984	-103.348877
17813.342285	-104.449997
17818.725586	-102.396027
17824.108887	-102.050148
17829.492188	-104.244530
17834.875488	-103.414497
17840.258789	-103.429962
17845.642090	-105.112724
17851.025391	-105.085548
17856.408691	-104.926895
17861.791992	-104.890839
17867.175293	-106.251671
17872.558594	-105.514633
17877.941895	-106.388672
17883.325195	-105.524521
17888.708496	-105.508568
17894.091797	-105.547081
17899.475098	-104.730408
17904.858398	-105.535347
17910.241699	-106.015930
17915.625000	-106.784279
17921.008301	-107.561447
17926.391602	-107.971191
17931.774902	-107.212906
17937.158203	-106.300751
17942.541504	-107.374855
17947.924805	-108.814590
17953.308105	-107.476540
17958.691406	-108.001099
17964.074707	-108.632477
17969.458008	-108.814484
17974.841309	-109.484169
17980.224609	-108.360214
17985.607910	-108.457619
17990.991211	-108.064629
17996.374512	-108.060265
18001.757812	-108.241272
18007.141113	-107.838806
18012.524414	-108.650177
18017.907715	-106.906425
18023.291016	-106.562172
18028.674316	-108.068748
18034.057617	-106.486198
18039.440918	-106.368103
18044.824219	-108.064865
18050.207520	-107.561310
18055.590820	-105.964928
18060.974121	-104.113052
18066.357422	-102.756874
18071.740723	-101.382851
18077.124023	-99.837372
18082.507324	-102.253708
18087.890625	-107.135880
18093.273926	-104.489410
18098.657227	-107.815086
18104.040527	-104.087784
18109.423828	-105.495354
18114.807129	-105.279404
18120.190430	-105.852280
18125.573730	-105.439644
18130.957031	-102.245827
18136.340332	-99.151756
18141.723633	-100.607323
18147.106934	-102.720161
18152.490234	-103.031670
18157.873535	-97.689651
18163.256836	-96.538826
18168.640137	-98.485527
18174.023438	-96.637848
18179.406738	-94.051453
18184.790039	-94.285774
18190.173340	-94.590553
18195.556641	-95.430206
18200.939941	-99.475037
18206.323242	-106.817429
18211.706543	-108.852493
18217.089844	-109.349182
18222.473145	-109.004745
18227.856445	-110.083191
18233.239746	-110.700844
18238.623047	-110.941010
18244.006348	-110.467834
18249.389648	-110.093887
18254.772949	-110.756805
18260.156250	-111.301819
18265.539551	-110.266098
18270.922852	-109.272224
18276.306152	-110.156540
18281.689453	-110.431862
18287.072754	-111.785675
18292.456055	-111.197823
18297.839355	-111.326500
18303.222656	-111.010010
18308.605957	-110.598083
18313.989258	-110.471008
18319.372559	-110.753883
18324.755859	-109.810776
18330.139160	-110.440781
18335.522461	-110.496452
18340.905762	-110.177544
18346.289062	-109.494995
18351.672363	-109.641434
18357.055664	-110.938538
18362.438965	-110.932014
18367.822266	-112.261307
18373.205566	-111.698837
18378.588867	-110.874626
18383.972168	-110.167526
18389.355469	-110.193016
18394.738770	-110.097702
18400.122070	-110.163635
18405.505371	-109.498375
18410.888672	-108.380028
18416.271973	-108.811226
18421.655273	-109.278008
18427.038574	-109.935539
18432.421875	-110.793327
18437.805176	-110.301285
18443.188477	-111.375427
18448.571777	-109.993744
18453.955078	-109.924980
18459.338379	-110.236275
18464.721680	-111.015755
18470.104980	-110.511169
18475.488281	-108.973534
18480.871582	-109.560966
18486.254883	-110.537582
18491.638184	-111.127861
18497.021484	-111.717224
18502.404785	-109.322571
18507.788086	-105.629356
18513.171387	-104.111130
18518.554688	-104.989929
18523.937988	-109.923798
18529.321289	-112.524277
18534.704590	-107.418457
18540.087891	-110.894226
18545.471191	-109.384346
18550.854492	-107.191528
18556.237793	-103.925125
18561.621094	-105.396240
18567.004395	-107.388763
18572.387695	-106.891930
18577.770996	-103.552681
18583.154297	-104.523819
18588.537598	-105.719551
18593.920898	-103.616890
18599.304199	-101.992096
18604.687500	-99.639282
18610.070801	-102.369698
18615.454102	-104.008934
18620.837402	-104.522942
18626.220703	-105.327675
18631.604004	-104.910591
18636.987305	-101.727318
18642.370605	-103.715317
18647.753906	-109.639626
18653.137207	-115.745766
18658.520508	-115.348038
18663.903809	-114.593452
18669.287109	-112.334549
18674.670410	-113.417870
18680.053711	-114.193115
18685.437012	-113.694542
18690.820312	-113.935822
18696.203613	-115.612190
18701.586914	-114.207069
18706.970215	-113.059006
18712.353516	-112.512436
18717.736816	-113.418228
18723.120117	-113.576859
18728.503418	-112.266174
18733.886719	-112.398819
18739.270020	-113.062241
18744.653320	-112.989998
18750.036621	-113.797256
18755.419922	-114.464241
18760.803223	-112.686760
18766.186523	-111.995819
18771.569824	-114.183105
18776.953125	-113.623802
18782.336426	-112.448143
18787.719727	-112.675476
18793.103027	-112.193405
18798.486328	-112.634087
18803.869629	-113.990112
18809.252930	-114.729050
18814.636230	-112.804749
18820.019531	-112.088203
18825.402832	-113.746109
18830.786133	-113.525993
18836.169434	-113.079834
18841.552734	-112.978317
18846.936035	-112.920761
18852.319336	-112.090302
18857.702637	-112.321907
18863.085938	-112.628021
18868.469238	-112.031349
18873.852539	-111.895721
18879.235840	-112.957054
18884.619141	-113.611702
18890.002441	-111.853142
18895.385742	-111.744781
18900.769043	-113.802437
18906.152344	-113.202606
18911.535645	-113.745049
18916.918945	-114.100616
18922.302246	-114.430695
18927.685547	-114.499809
18933.068848	-113.280128
18938.452148	-111.537964
18943.835449	-110.999680
18949.218750	-113.246544
18954.602051	-114.018822
18959.985352	-112.974472
18965.368652	-113.651489
18970.751953	-114.192146
18976.135254	-115.312195
18981.518555	-113.545715
18986.901855	-111.457726
18992.285156	-110.647980
18997.668457	-109.109192
19003.051758	-109.929749
19008.435059	-110.548904
19013.818359	-108.517731
19019.201660	-105.281235
19024.584961	-105.599586
19029.968262	-108.697105
19035.351562	-106.025749
19040.734863	-104.187881
19046.118164	-98.335197
19051.501465	-100.014465
19056.884766	-102.685501
19062.268066	-102.958008
19067.651367	-102.465759
19073.034668	-102.701324
19078.417969	-101.262230
19083.801270	-101.860222
19089.184570	-105.742683
19094.567871	-112.145584
19099.951172	-116.280045
19105.334473	-117.036438
19110.717773	-115.228546
19116.101074	-116.195862
19121.484375	-116.296776
19126.867676	-115.157990
19132.250977	-115.202904
19137.634277	-116.326904
19143.017578	-116.938431
19148.400879	-117.095444
19153.784180	-116.357681
19159.167480	-116.599113
19164.550781	-115.792740
19169.934082	-116.213074
19175.317383	-117.472977
19180.700684	-117.989662
19186.083984	-117.162895
19191.467285	-115.846947
19196.850586	-116.380844
19202.233887	-118.275406
19207.617188	-113.952637
19213.000488	-116.414597
19218.383789	-115.109116
19223.767090	-112.751404
19229.150391	-112.662949
19234.533691	-114.127708
19239.916992	-115.048683
19245.300293	-114.047318
19250.683594	-115.511261
19256.066895	-116.762032
19261.450195	-117.394638
19266.833496	-115.830467
19272.216797	-115.061882
19277.600098	-115.056679
19282.983398	-116.375092
19288.366699	-115.308754
19293.750000	-114.693985
19299.133301	-114.928177
19304.516602	-113.736809
19309.899902	-115.867783
19315.283203	-117.193626
19320.666504	-117.660965
19326.049805	-117.421631
19331.433105	-116.078262
19336.816406	-115.837944
19342.199707	-115.765938
19347.583008	-115.872391
19352.966309	-117.398468
19358.349609	-118.256416
19363.732910	-117.076698
19369.116211	-114.771591
19374.499512	-111.829971
19379.882812	-111.225044
19385.266113	-110.948097
19390.649414	-108.577988
19396.032715	-107.605476
19401.416016	-109.275681
19406.799316	-114.474388
19412.182617	-111.897362
19417.565918	-111.672340
19422.949219	-111.506058
19428.332520	-112.470634
19433.715820	-112.666191
19439.099121	-110.562141
19444.482422	-110.400826
19449.865723	-111.834824
19455.249023	-110.046814
19460.632324	-105.897453
19466.015625	-104.663818
19471.398926	-107.672646
19476.782227	-107.357491
19482.165527	-107.244850
19487.548828	-101.462997
19492.932129	-102.345284
19498.315430	-103.979149
19503.698730	-104.172134
19509.082031	-104.315300
19514.465332	-104.992958
19519.848633	-101.643768
19525.231934	-98.217743
19530.615234	-101.348404
19535.998535	-108.208458
19541.381836	-111.901520
19546.765137	-112.524956
19552.148438	-113.608871
19557.531738	-113.195366
19562.915039	-113.134979
19568.298340	-113.780098
19573.681641	-114.599594
19579.064941	-114.379379
19584.448242	-114.327446
19589.831543	-113.825630
19595.214844	-112.962700
19600.598145	-113.033218
19605.981445	-113.492706
19611.364746	-115.195740
19616.748047	-115.092079
19622.131348	-114.522758
19627.514648	-115.176704
19632.897949	-113.070824
19638.281250	-113.270142
19643.664551	-116.200226
19649.047852	-115.179260
19654.431152	-115.362488
19659.814453	-114.153442
19665.197754	-113.552788
19670.581055	-115.150993
19675.964355	-115.725044
19681.347656	-117.923180
19686.730957	-118.901665
19692.114258	-117.935287
19697.497559	-116.011490
19702.880859	-116.103134
19708.264160	-116.794708
19713.647461	-115.630707
19719.030762	-115.132896
19724.414062	-115.055855
19729.797363	-114.710640
19735.180664	-114.606613
19740.563965	-114.696671
19745.947266	-113.829659
19751.330566	-113.907013
19756.713867	-115.040955
19762.097168	-116.206467
19767.480469	-115.608551
19772.863770	-116.372414
19778.247070	-115.681580
19783.630371	-114.631325
19789.013672	-115.728661
19794.396973	-116.220589
19799.780273	-116.317436
19805.163574	-116.468880
19810.546875	-115.913773
19815.930176	-115.188156
19821.313477	-115.616203
19826.696777	-114.863297
19832.080078	-112.550079
19837.463379	-112.574753
19842.846680	-114.720665
19848.229980	-116.090469
19853.613281	-116.395538
19858.996582	-116.164780
19864.379883	-114.200844
19869.763184	-116.010933
19875.146484	-115.175781
19880.529785	-113.225876
19885.913086	-112.981560
19891.296387	-113.242172
19896.679688	-113.919579
19902.062988	-112.434532
19907.446289	-111.825790
19912.829590	-115.277916
19918.212891	-114.966484
19923.596191	-114.777733
19928.979492	-112.054977
19934.362793	-109.750511
19939.746094	-109.261497
19945.129395	-109.355026
19950.512695	-108.671867
19955.895996	-107.392998
19961.279297	-108.413864
19966.662598	-107.061096
19972.045898	-106.791794
19977.429199	-109.603699
19982.812500	-113.589027
19988.195801	-114.718437
19993.579102	-114.736565
19998.962402	-115.473854
20004.345703	-115.041153
20009.729004	-114.936424
20015.112305	-115.529305
20020.495605	-116.877861
20025.878906	-116.799210
20031.262207	-116.987122
20036.645508	-118.198662
20042.028809	-118.318649
20047.412109	-117.514877
20052.795410	-117.024612
20058.178711	-118.333000
20063.562012	-117.841705
20068.945312	-117.119843
20074.328613	-117.835060
20079.711914	-118.679413
20085.095215	-117.140244
20090.478516	-117.651405
20095.861816	-119.128853
20101.245117	-118.368484
20106.628418	-117.259964
20112.011719	-117.358246
20117.395020	-117.581657
20122.778320	-118.429565
20128.161621	-118.397987
20133.544922	-118.740585
20138.928223	-119.073883
20144.311523	-119.841148
20149.694824	-118.684814
20155.078125	-116.534424
20160.461426	-116.613884
20165.844727	-117.816673
20171.228027	-118.391243
20176.611328	-118.506027
20181.994629	-119.205231
20187.377930	-119.138573
20192.761230	-118.301094
20198.144531	-118.420609
20203.527832	-120.039520
20208.911133	-119.683289
20214.294434	-119.960457
20219.677734	-118.544113
20225.061035	-118.639488
20230.444336	-118.776428
20235.827637	-117.765556
20241.210938	-117.932220
20246.594238	-119.288811
20251.977539	-119.332275
20257.360840	-119.486053
20262.744141	-117.565414
20268.127441	-118.499832
20273.510742	-120.353378
20278.894043	-118.525246
20284.277344	-117.375038
20289.660645	-115.244247
20295.043945	-112.714928
20300.427246	-116.566895
20305.810547	-117.011375
20311.193848	-115.589928
20316.577148	-118.830696
20321.960449	-117.786674
20327.343750	-117.268341
20332.727051	-118.526825
20338.110352	-116.157463
20343.493652	-110.682297
20348.876953	-108.335922
20354.260254	-111.846832
20359.643555	-115.679108
20365.026855	-111.657272
20370.410156	-110.340096
20375.793457	-107.249031
20381.176758	-109.881500
20386.560059	-113.185532
20391.943359	-114.486252
20397.326660	-115.616158
20402.709961	-117.431122
20408.093262	-115.880844
20413.476562	-114.093040
20418.859863	-115.747665
20424.243164	-118.130714
20429.626465	-119.559296
20435.009766	-119.162300
20440.393066	-120.037102
20445.776367	-121.561996
20451.159668	-120.855515
20456.542969	-121.084381
20461.926270	-121.404915
20467.309570	-121.377861
20472.692871	-121.553009
20478.076172	-120.115875
20483.459473	-121.762657
20488.842773	-121.833687
20494.226074	-120.435684
20499.609375	-121.279587
20504.992676	-122.920174
20510.375977	-122.705879
20515.759277	-120.762947
20521.142578	-120.200996
20526.525879	-121.008110
20531.909180	-122.936958
20537.292480	-120.531212
20542.675781	-120.275177
20548.059082	-121.646889
20553.442383	-121.046944
20558.825684	-120.573730
20564.208984	-120.974319
20569.592285	-121.908546
20574.975586	-121.975990
20580.358887	-120.212791
20585.742188	-120.496544
20591.125488	-121.137085
20596.508789	-121.480843
20601.892090	-121.127213
20607.275391	-121.012032
20612.658691	-120.898308
20618.041992	-121.175674
20623.425293	-120.268562
20628.808594	-119.882271
20634.191895	-121.193825
20639.575195	-121.761230
20644.958496	-119.888512
20650.341797	-119.278053
20655.725098	-120.290901
20661.108398	-120.453461
20666.491699	-119.789253
20671.875000	-120.968315
20677.258301	-121.691086
20682.641602	-122.015617
20688.024902	-120.729324
20693.408203	-121.375053
20698.791504	-121.479286
20704.174805	-120.492073
20709.558105	-118.593353
20714.941406	-118.357796
20720.324707	-117.534622
20725.708008	-119.724953
20731.091309	-120.742668
20736.474609	-117.287003
20741.857910	-120.109604
20747.241211	-119.255173
20752.624512	-117.528557
20758.007812	-116.835686
20763.391113	-116.503319
20768.774414	-116.230614
20774.157715	-117.014938
20779.541016	-116.801300
20784.924316	-113.982742
20790.307617	-111.372818
20795.690918	-113.847618
20801.074219	-118.262383
20806.457520	-115.654556
20811.840820	-117.043457
20817.224121	-112.134651
20822.607422	-113.295326
20827.990723	-115.952118
20833.374023	-116.773880
20838.757324	-115.976875
20844.140625	-117.266495
20849.523926	-117.594238
20854.907227	-115.559029
20860.290527	-115.443886
20865.673828	-118.533638
20871.057129	-122.863068
20876.440430	-124.531235
20881.823730	-122.383636
20887.207031	-121.709503
20892.590332	-121.685860
20897.973633	-121.555115
20903.356934	-121.216866
20908.740234	-120.419807
20914.123535	-120.779152
20919.506836	-122.071075
20924.890137	-121.121979
20930.273438	-119.789886
20935.656738	-120.754425
20941.040039	-124.636780
20946.423340	-122.710960
20951.806641	-122.186287
20957.189941	-122.135551
20962.573242	-121.338150
20967.956543	-121.675987
20973.339844	-120.510185
20978.723145	-121.892014
20984.106445	-122.735062
20989.489746	-120.329948
20994.873047	-118.697021
21000.256348	-119.773438
21005.639648	-121.425117
21011.022949	-121.451935
21016.406250	-122.111862
21021.789551	-121.496529
21027.172852	-122.372917
21032.556152	-121.248665
21037.939453	-120.717552
21043.322754	-121.017540
21048.706055	-120.389793
21054.089355	-120.508247
21059.472656	-119.772194
21064.855957	-118.984184
21070.239258	-120.036743
21075.622559	-120.040497
21081.005859	-118.238701
21086.389160	-119.749649
21091.772461	-121.943787
21097.155762	-120.783829
21102.539062	-118.368286
21107.922363	-118.473862
21113.305664	-119.105583
21118.688965	-120.618279
21124.072266	-120.930077
21129.455566	-120.381691
21134.838867	-120.228920
21140.222168	-118.208015
21145.605469	-116.305450
21150.988770	-116.203369
21156.372070	-116.574203
21161.755371	-115.491745
21167.138672	-117.909424
21172.521973	-119.113853
21177.905273	-113.982819
21183.288574	-117.697838
21188.671875	-114.766060
21194.055176	-115.935745
21199.438477	-115.602837
21204.821777	-114.217545
21210.205078	-114.043503
21215.588379	-116.159752
21220.971680	-116.736481
21226.354980	-113.073730
21231.738281	-109.414825
21237.121582	-110.794342
21242.504883	-117.719505
21247.888184	-113.016060
21253.271484	-114.011681
21258.654785	-110.836800
21264.038086	-110.976349
21269.421387	-114.690063
21274.804688	-117.636757
21280.187988	-119.767738
21285.571289	-118.412338
21290.954590	-117.210381
21296.337891	-117.787880
21301.721191	-118.330551
21307.104492	-121.151558
21312.487793	-122.421074
21317.871094	-122.371292
21323.254395	-122.667526
21328.637695	-123.039810
21334.020996	-122.117081
21339.404297	-121.259506
21344.787598	-122.447525
21350.170898	-124.787453
21355.554199	-122.365738
21360.937500	-121.787407
21366.320801	-122.926735
21371.704102	-123.697983
21377.087402	-121.777061
21382.470703	-122.049637
21387.854004	-123.435219
21393.237305	-125.208961
21398.620605	-122.801102
21404.003906	-121.126335
21409.387207	-122.404335
21414.770508	-123.776947
21420.153809	-121.838867
21425.537109	-121.562698
21430.920410	-121.989891
21436.303711	-121.608482
21441.687012	-121.663597
21447.070312	-121.243675
21452.453613	-121.186775
21457.836914	-122.040367
21463.220215	-122.007927
21468.603516	-122.105347
21473.986816	-122.796005
21479.370117	-122.750572
21484.753418	-122.419159
21490.136719	-121.950523
21495.520020	-122.546806
21500.903320	-124.227676
21506.286621	-123.666008
21511.669922	-122.167297
21517.053223	-122.399338
21522.436523	-124.238220
21527.819824	-123.173325
21533.203125	-123.111778
21538.586426	-123.668190
21543.969727	-125.159256
21549.353027	-122.938347
21554.736328	-122.218201
21560.119629	-121.990761
21565.502930	-123.860352
21570.886230	-123.253372
21576.269531	-123.001137
21581.652832	-122.839859
21587.036133	-124.443871
21592.419434	-122.261215
21597.802734	-122.477463
21603.186035	-123.525459
21608.569336	-123.700821
21613.952637	-121.621117
21619.335938	-121.884232
21624.719238	-123.726601
21630.102539	-123.636024
21635.485840	-121.425285
21640.869141	-121.258232
21646.252441	-121.548866
21651.635742	-120.968994
21657.019043	-120.403046
21662.402344	-121.283844
21667.785645	-121.266235
21673.168945	-119.427452
21678.552246	-118.392487
21683.935547	-120.946159
21689.318848	-119.840614
21694.702148	-121.956879
21700.085449	-118.341957
21705.468750	-116.387627
21710.852051	-118.374687
21716.235352	-121.333725
21721.618652	-120.273933
21727.001953	-119.903381
21732.385254	-121.272087
21737.768555	-123.117256
21743.151855	-119.396683
21748.535156	-119.426628
21753.918457	-120.889839
21759.301758	-123.280533
21764.685059	-122.677963
21770.068359	-121.676125
21775.451660	-121.067841
21780.834961	-122.677574
21786.218262	-122.737968
21791.601562	-123.236366
21796.984863	-124.031937
21802.368164	-125.646172
21807.751465	-123.960365
21813.134766	-122.682899
21818.518066	-122.658005
21823.901367	-125.417885
21829.284668	-124.194916
21834.667969	-122.926102
21840.051270	-122.019981
21845.434570	-123.398895
21850.817871	-124.264359
21856.201172	-122.786011
21861.584473	-123.288200
21866.967773	-125.107063
21872.351074	-122.432320
21877.734375	-121.358368
21883.117676	-123.150970
21888.500977	-125.927330
21893.884277	-123.354942
21899.267578	-122.571945
21904.650879	-122.042023
21910.034180	-120.139000
21915.417480	-120.232422
21920.800781	-121.497421
21926.184082	-123.068176
21931.567383	-123.724770
21936.950684	-121.656715
21942.333984	-119.433563
21947.717285	-117.460495
21953.100586	-116.900665
21958.483887	-120.037140
21963.867188	-118.898369
21969.250488	-119.669243
21974.633789	-121.339577
21980.017090	-117.079437
21985.400391	-117.380051
21990.783691	-120.402390
21996.166992	-122.945724
22001.550293	-120.558090
22006.933594	-118.610428
22012.316895	-120.295944
22017.700195	-122.544930
22023.083496	-121.487755
22028.466797	-118.773026
22033.850098	-120.299736
22039.233398	-122.936928
22044.616699	-122.821373
